1.0993	-0.22707	-0.12895
-0.10785	0.98345	-0.17087
-0.41523	0.64566	0.29859
-0.68002	0.14931	0.07926900000000001
0.33211	0.53704	-0.21741
0.41588	0.2956	0.26816
0.7256	-0.5656099999999999	0.37955
-0.57377	-0.16022	-0.59834
0.73276	0.4359	-0.22752
1.2981	-0.29395	0.003653
-0.46403	1.28	-0.89762
0.41143	-0.31892	-0.72671
-0.025898	1.0426	-0.1467
0.10482	1.0504	-0.34625
1.2673	-0.54472	0.0077095
1.0097	-0.66442	0.20414
0.38405	0.55157	-0.18745
1.2508	-0.4846	-0.12805
0.44073	-0.65343	-0.22736
-0.099816	0.26672	0.12297
-0.078058	0.36467	0.11962
0.99407	0.24021	0.12531
-0.739	-0.24311	-0.37238
-0.48602	1.0986	-0.6168
-0.47989	0.39041	-0.29712
-0.50243	1.1063	-0.63936
-0.83471	-0.55232	-0.35366
-0.10637	0.73753	-0.041531
-0.43946	0.78611	-0.69595
-0.52703	0.13371	-0.51828
-0.45823	0.61814	0.32487
0.97332	-0.1335	-0.29297
0.61417	-0.67406	0.43379
1.0666	0.018082	-0.061456
-0.74391	-0.08354200000000001	0.11469
-0.435	0.12294	0.29027
-0.68684	0.034785	-0.48183
0.69362	-0.086337	0.4828
0.17011	-0.00053103	0.42108
0.36829	0.25822	0.27993
0.10648	1.3652	-0.35639
-0.61216	0.29361	-0.19361
-0.6623	-0.1801	0.20288
-0.70458	0.15673	0.025395
-0.56443	-0.32233	-0.33912
-0.33363	0.73878	-0.15507
0.13632	0.17864	-0.69153
-0.29786	-0.48526	-0.94233
1.0249	0.1828	0.054304
-0.43628	0.31275	-0.36623
-0.69262	-0.46858	-0.67814
0.55832	0.034762	-0.57115
-0.65867	0.3361	0.22268
-0.70792	0.15893	0.1711
1.0858	-0.16193	0.10505
0.078885	0.23657	-0.61864
-0.70669	0.2303	0.15666
0.21298	0.37008	0.075082
-0.8116100000000001	-0.19352	-0.31237
1.0505	-0.26992	-0.19317
0.10605	0.22663	-0.64383
-0.27109	-0.6921	0.31418
-0.45548	0.25051	-0.37426
0.011597	-0.59933	-0.032558
0.862	0.42023	0.039061
-0.53679	0.64092	0.16524
0.5625	0.42788	-0.33145
0.11803	1.3672	-0.41891
1.2633	-0.53817	-0.037596
0.23885	-0.6506999999999999	0.17428
-0.41694	0.68532	-0.26173
0.064565	-0.21518	0.47351
-0.77904	-0.45768	-0.3088
0.23342	0.4962	-0.28385
-0.36319	0.89902	-0.63685
-0.71039	0.25506	0.10245
-0.58622	0.19066	-0.28225
-0.07112300000000001	0.051686	0.27637
-0.63153	0.31644	-0.13389
-0.38684	-0.6527500000000001	0.13663
-0.60849	0.028101	0.1803
-0.58	-0.48692	0.20392
-0.34169	0.9221	-0.58424
0.73259	-0.73455	0.047998
-0.30262	0.62488	-0.36414
-0.47154	1.0302	-0.5339699999999999
-0.015307	0.21156	-0.64657
-0.55753	-0.23552	-0.50204
0.78067	-0.7286	-0.035622
-0.32607	-0.04758	0.32362
-0.5744	-0.31384	-0.12053
0.6934399999999999	0.31771	-0.34358
0.133	-0.017982	-0.80398
0.8370300000000001	-0.037803	0.4227
-0.62039	0.42389	0.4079
-0.5321	1.187	-0.80932
-0.30342	-0.6258	0.351
0.030881	1.2101	-0.34459
-0.022351	-0.38617	0.30039
-0.53561	-0.67006	0.3148
0.035946	-0.7421	0.48742
0.42029	0.55948	-0.18231
0.98467	0.049797	0.28257
0.023295	0.98732	-0.20339
-0.068429	1.0798	-0.23974
0.97745	-0.59153	0.27278
-0.36353	0.52283	-0.29999
0.13046	1.1632	-0.4144
-0.3896	0.91991	-0.36481
0.96762	-0.40501	0.29281
0.66417	-0.3105	-0.6319
0.87774	-0.07417700000000001	0.38743
-0.16229	-0.7252999999999999	0.47455
0.84512	-0.53805	-0.32246
0.07877000000000001	-0.53069	-0.72968
-0.478	1.0087	-0.52468
-0.51866	1.2508	-0.86877
0.18371	-0.50348	0.50048
-0.8010699999999999	-0.50625	-0.26115
0.051627	-0.53279	0.40639
-0.19066	0.06933599999999999	0.27517
0.44767	0.23495	-0.47682
0.9206299999999999	-0.2416	-0.37534
-0.23706	0.35159	-0.39332
-0.40709	0.08337600000000001	-0.66616
-0.078667	0.6851699999999999	-0.21706
-0.69826	-0.28473	-0.21728
-0.59589	0.55607	0.23071
0.28088	-0.57016	-0.2608
0.05547	1.2367	-0.37091
-0.11696	0.54959	0.07946
-0.31222	0.40058	-0.34998
0.96576	-0.49833	-0.31162
0.49652	0.10992	-0.57143
0.85622	-0.51938	0.34037
1.2466	-0.27414	-0.11777
-0.41746	1.0973	-0.64797
1.1534	-0.4195	-0.25442
-0.82961	-0.0582	-0.13915
-0.51058	-0.37253	-0.63797
0.09446400000000001	0.9527099999999999	-0.30059
-0.19276	0.79136	-0.15521
-0.81777	-0.049389	-0.32413
-0.62734	0.37821	0.0064486
0.82255	-0.39855	0.40917
-0.60287	-0.57339	-0.28108
-0.2796	-0.48639	-0.49185
-0.5937	-0.28316	0.075285
0.497	0.54188	-0.23362
1.0853	-0.66854	-0.0045387
0.54045	-0.76744	0.43048
-0.04251	-0.47228	-0.60988
0.84022	0.43842	0.031
0.045912	-0.08999	0.38618
-0.31215	0.19961	-0.58945
-0.17825	0.20106	-0.5789
-0.41318	0.63479	-0.2784
-0.009084200000000001	-0.6859499999999999	0.52341
0.46156	0.41174	0.18849
-0.0139	-0.11967	-0.84975
-0.4417	1.1933	-0.7823099999999999
0.48812	0.14209	-0.55244
0.63598	-0.55666	-0.55813
1.1171	-0.65559	-0.0044339
0.74239	0.503	0.003878
-0.74819	-0.5092100000000001	-0.061039
-0.05393	0.37693	0.039226
1.0852	-0.43388	0.25225
1.1832	-0.36038	0.20862
0.8352000000000001	-0.72454	0.10797
-0.4563	-0.62884	-0.0049194
-0.58662	0.30437	-0.25048
0.066692	0.24276	0.1654
-0.59141	-0.14318	-0.61763
-0.28412	0.6398	-0.34812
-0.77784	-0.07993400000000001	-0.47141
0.82511	-0.29659	-0.46881
0.36097	0.09310499999999999	-0.6465
-0.03754	-0.22074	-0.82182
0.99129	0.25568	0.08623400000000001
0.78591	-0.7296899999999999	0.099481
-0.14987	0.38614	0.22568
0.62153	-0.76048	0.27557
0.00073895	-0.35654	0.32305
1.0663	0.07240099999999999	0.093523
-0.38067	0.42006	-0.34084
-0.37361	-0.51727	-0.59604
0.039669	-0.52275	-0.78939
-0.19121	0.70042	-0.19721
-0.20671	0.2703	-0.51999
0.37903	0.32804	0.23686
-0.34696	0.65834	0.29537
0.64079	-0.72231	0.058307
0.31296	-0.22457	-0.76594
-0.12872	0.047047	-0.78734
-0.19604	-0.3178	-0.7753100000000001
-0.57234	-0.40377	-0.26732
0.48526	0.56481	-0.11382
0.055563	1.15	-0.21212
-0.08802	0.43383	-0.28886
-0.038509	-0.5361900000000001	-0.31481
-0.27858	-0.59999	-0.20885
1.0529	-0.29017	-0.20986
-0.54633	-0.18661	0.2602
0.10062	-0.046219	-0.82957
-0.72351	-0.52055	0.18909
-0.72619	-0.060216	0.12181
0.46244	0.45152	-0.35099
0.0089248	-0.6054	0.49972
-0.42869	-0.6704599999999999	0.28031
0.8733	-0.48826	-0.32543
0.79847	-0.41227	-0.48302
0.79756	0.40591	-0.20251
-0.64849	0.10725	0.29418
-0.47708	-0.17009	-0.5995200000000001
0.13352	0.068651	0.3244
0.27701	0.2373	-0.5562
-0.45419	0.67186	-0.1105
1.0079	0.21451	-0.034675
-0.34621	0.71852	-0.51894
0.21313	0.22731	0.24498
-0.6297	-0.35694	-0.47332
0.83957	0.29011	-0.26891
-0.37098	0.33555	0.46725
0.16119	-0.64814	0.47605
-0.42291	0.73461	-0.29879
-0.63875	0.1258	0.13324
0.35732	-0.079267	-0.71754
-0.1653	-0.58931	-0.046752
0.56821	-0.13881	0.55155
0.7617699999999999	-0.24651	0.47911
0.012648	0.17714	0.21071
-0.15163	0.69806	0.16295
-0.54118	-0.49906	-0.71629
0.3376	0.28205	0.25201
0.97571	-0.68519	0.18
-0.59785	0.12434	-0.40455
-0.047886	-0.68228	0.53082
1.0372	-0.42908	0.23554
0.304	0.22195	-0.57806
0.05711	1.1731	-0.20858
1.2053	-0.22462	-0.047184
1.0223	-0.07538300000000001	-0.21209
1.0632	-0.35759	-0.26538
-0.11277	-0.63115	0.22741
0.19682	-0.14033	0.54886
0.93691	-0.20192	0.35501
-0.64852	0.31144	-0.097371
-0.8247	-0.18404	-0.31826
0.76463	0.49026	0.024696
0.82421	-0.7322	-0.00062771
-0.53545	-0.25668	-0.54881
-0.1375	0.06909700000000001	-0.74818
-0.09850299999999999	0.78046	-0.25067
-0.40278	0.53815	0.43102
0.48161	-0.76858	0.36096
0.69085	0.32594	0.246
-0.6147	-0.39021	-0.32562
-0.91403	-0.49731	-0.45811
-0.42545	0.7250799999999999	-0.52981
-0.84213	-0.13326	-0.27946
-0.43838	-0.53878	0.2672
0.08434700000000001	0.16448	-0.72681
-0.54752	0.096821	0.27269
-0.47431	0.22492	0.52529
-0.60684	0.42269	0.014573
-0.077123	-0.4805	-0.71278
-0.44362	0.67088	0.20824
-0.47372	0.5529500000000001	0.41246
-0.50856	0.060059	0.23664
0.30522	-0.5363599999999999	-0.39781
0.044666	1.0867	-0.22849
-0.35934	0.36203	-0.36443
-0.46066	0.45682	-0.26739
0.16873	-0.51212	-0.62214
-0.26176	0.62014	-0.28183
0.31467	0.23043	-0.55261
-0.607	0.49701	0.01433
-0.013257	-0.078809	-0.85443
0.93064	0.026501	-0.33197
-0.65696	-0.2631	-0.36563
0.77833	-0.35275	0.42208
-0.49671	0.55725	-0.13631
-0.08767900000000001	0.61814	-0.14239
-0.10619	-0.12068	0.30414
-0.40308	-0.10554	0.31412
-0.49685	0.23587	-0.35476
-0.16387	-0.58218	-0.13004
-0.6438	0.14932	0.42817
-0.019931	0.13463	-0.77463
-0.26204	-0.63629	0.41165
0.99341	0.0086307	0.29018
-0.38115	0.0034746	0.30436
0.3512	-0.70457	0.44799
0.040852	0.36127	-0.44273
0.24976	0.059915	0.34681
0.64793	0.28068	0.27357
0.079072	-0.5982499999999999	-0.059934
-0.35217	0.61431	-0.38305
-0.39421	0.1231	-0.63144
0.07330399999999999	1.1082	-0.27472
0.12172	0.07747999999999999	-0.76416
0.00072624	0.33745	-0.46565
-0.45681	0.98028	-0.74128
0.41742	0.30733	-0.43178
0.83144	0.44468	-0.0035612
-0.50789	1.0729	-0.61775
1.0886	-0.1205	0.06428200000000001
0.88063	0.30477	0.21558
-0.21878	-0.31492	-0.6373799999999999
-0.46006	-0.25613	0.1965
-0.66426	0.094696	-0.27174
-0.6461	0.16162	-0.19533
-0.38769	0.20157	-0.54481
-0.048459	0.35225	0.03354
0.1122	0.41374	-0.38163
0.81985	-0.33054	-0.45765
0.63314	-0.131	-0.60334
-0.90381	-0.53775	-0.37629
-0.32624	-0.49865	0.2363
-0.53123	0.54869	-0.08708100000000001
-0.35203	0.71816	-0.0021532
0.16333	-0.23069	-0.8298
-0.63769	0.23491	-0.21266
0.64173	0.53093	-0.16409
-0.50043	-0.3035	0.056959
0.76012	-0.16523	0.48838
0.090167	-0.17806	0.51159
-0.10171	-0.67398	0.52916
0.11951	0.3275	-0.47777
-0.68093	-0.28869	-0.13459
0.04663	-0.22865	0.43819
1.0101	0.21762	0.0084963
-0.60755	-0.37998	-0.6117
-0.15537	0.37574	-0.41044
0.14786	-0.1195	-0.82542
0.42546	0.5099399999999999	-0.29283
-0.24098	0.36796	0.30268
0.13229	-0.48247	-0.78132
-0.7130300000000001	-0.46626	-0.66999
0.85409	0.35437	0.18437
-0.43396	0.75993	-0.36976
0.10633	1.1502	-0.39143
0.73561	0.085184	0.40646
0.31103	0.38784	0.13991
-0.39589	0.79974	-0.26339
-0.60601	0.41718	0.14472
-0.1655	-0.6490899999999999	0.49597
0.62112	-0.36008	0.53218
0.07506500000000001	-0.11295	-0.8532999999999999
-0.7612100000000001	-0.26138	-0.16793
-0.27199	-0.16861	-0.6181
-0.22109	0.58191	0.29535
-0.55319	0.17628	-0.32645
-0.53318	0.085461	0.2355
-0.53079	0.44675	-0.18904
-0.81343	-0.092032	-0.011217
1.2053	-0.22849	0.038618
-0.50027	0.073577	-0.62646
1.2969	-0.41186	-0.081082
0.22729	-0.3464	0.53531
0.12967	1.3263	-0.35783
0.56699	0.4673	0.14549
-0.35979	-0.16884	-0.63998
0.30074	0.31641	0.21093
-0.78812	-0.017828	-0.26587
-0.50536	-0.33041	-0.24908
1.0619	-0.67691	-2.9273e-05
0.2972	-0.10417	0.54977
-0.86493	-0.4617	-0.39224
-0.50178	1.0354	-0.67398
0.542	-0.29376	0.5677
0.68832	0.21789	0.30137
1.0472	0.030316	-0.13873
0.93712	-0.6090100000000001	-0.26372
0.26982	-0.5525099999999999	0.51817
-0.17762	-0.50584	-0.78468
-0.096189	0.51835	0.034502
1.0131	0.20092	0.12575
0.30631	-0.52677	-0.43927
0.72961	0.20064	0.32171
-0.079569	-0.26455	-0.79673
0.53222	0.5016	0.09843300000000001
-0.0020432	-0.41869	-0.84618
0.08186	-0.47177	-0.8055600000000001
-0.48705	-0.29797	0.09593699999999999
-0.64861	0.37295	0.39304
0.38678	0.095125	0.35194
-0.5455	0.057264	0.22012
-0.10833	0.54427	-0.14777
0.6168	0.023236	-0.54469
-0.13265	0.63916	-0.20362
0.73904	-0.63348	0.3613
-0.66538	0.22636	-0.16098
-0.58573	0.097149	-0.50906
0.6469200000000001	-0.60095	-0.47745
-0.5155999999999999	0.65189	-0.041602
0.25223	-0.68921	0.46288
-0.074062	-0.46141	-0.67242
-0.43445	-0.45939	-0.80174
0.46226	-0.60854	0.49693
0.066687	1.1902	-0.22735
-0.54997	-0.10077	-0.6734599999999999
-0.38258	1.0279	-0.53337
-0.63269	0.051797	-0.5455
0.64036	-0.76106	0.32922
-0.44159	-0.59804	0.30508
1.0572	-0.40877	-0.29203
-0.10687	0.36494	-0.41463
-0.40649	-0.18655	0.28987
-0.69149	-0.38971	-0.39585
-0.83843	-0.15797	-0.18451
1.0159	0.20688	0.084846
-0.31315	0.81516	-0.49966
-0.63812	-0.025811	0.2005
0.38011	-0.65956	-0.18579
0.47321	-0.58688	-0.6039
-0.47575	-0.082954	0.32905
-0.33715	0.93826	-0.5593
-0.62932	-0.36226	-0.41641
0.21727	0.31771	0.15779
-0.36088	0.27847	-0.41044
0.12461	0.15823	0.25728
0.22774	0.10454	-0.7139
-0.22858	-0.6051	-0.19348
-0.41253	-0.44961	-0.83945
-0.73116	-0.56759	-0.28146
0.34036	-0.20871	-0.75911
-0.0015659	0.215	-0.57859
-0.25701	-0.23821	0.27439
-0.7000999999999999	0.055308	-0.33897
0.7785300000000001	-0.11618	0.46981
-0.0060321	0.42231	-0.10723
0.95675	-0.16577	-0.32384
-0.69353	0.07997600000000001	-0.18085
0.80919	-0.20769	-0.47877
-0.6629	0.17447	-0.18584
0.11128	-0.11512	-0.84336
0.39873	0.056083	-0.64859
-0.097999	0.6274999999999999	-0.17718
0.6103	0.14215	0.3611
0.3981	-0.057642	0.54475
-0.6966	-0.28527	-0.16744
-0.1388	0.67035	-0.21446
0.41275	-0.38265	-0.71569
0.016354	0.75549	-0.16194
0.038739	0.20173	-0.69611
0.79475	0.13006	-0.39196
0.9180199999999999	-0.08268399999999999	-0.34236
-0.61387	-0.47656	-0.12841
-0.20863	0.45893	-0.29432
-0.43404	-0.51938	0.2458
-0.1138	0.7302999999999999	-0.23178
-0.42135	1.0558	-0.53978
-0.14833	-0.054159	-0.72419
-0.59185	0.61599	0.04376
0.39112	-0.33298	-0.74263
-0.25394	0.57943	0.31672
-0.74292	0.19895	0.28377
0.34933	0.13764	0.32089
0.55069	-0.36614	-0.67431
-0.66195	-0.0038442	-0.6026899999999999
0.17825	-0.060771	0.50482
-0.21232	0.66337	0.26989
0.6049099999999999	0.50521	-0.23214
-0.45026	0.86625	-0.73687
-0.11177	-0.50867	-0.82285
-0.18665	0.36293	-0.41884
0.38975	0.52985	-0.26169
0.26777	0.41474	-0.39884
-0.65831	0.13533	0.070963
-0.30622	-0.58034	-0.21198
-0.61604	0.41976	0.058281
0.68768	0.17819	0.3444
-0.6303	-0.18445	0.22152
-0.40879	-0.081289	-0.65739
-0.28954	0.29148	-0.4775
-0.38643	-0.34829	0.18744
0.58282	-0.090255	0.54788
0.13922	0.29328	-0.5047
-0.15281	-0.15102	-0.67915
0.43466	0.45496	-0.35499
-0.41853	0.98824	-0.81924
0.056978	-0.64499	0.5021099999999999
1.017	-0.67358	-0.10393
-0.68995	-0.28425	-0.10633
0.77891	0.47585	-0.07760300000000001
0.37829	-0.13796	0.5596
0.21568	0.43514	-0.37203
-0.62056	0.11349	0.10866
0.82881	0.079178	0.38465
-0.44058	0.9647	-0.84662
-0.13455	0.42896	0.19271
0.29821	-0.54766	-0.34883
-0.67808	-0.047159	-0.60658
-0.651	0.012693	-0.59285
0.12739	1.3732	-0.38799
0.18398	-0.54222	-0.7095900000000001
-0.071504	0.35654	0.10188
-0.27714	0.7268	-0.24137
0.11204	-0.46647	-0.79097
0.79438	-0.0019574	0.43101
0.81001	-0.02047	-0.44135
0.87	-0.19488	0.40844
-0.62269	0.41662	0.23466
-0.5145	-0.21301	0.25409
-0.40547	-0.20086	-0.63553
0.41463	-0.40978	-0.69319
0.97787	0.19556	-0.17264
-0.37051	0.75274	-0.58385
-0.32857	0.67354	-0.44845
0.12309	-0.30879	-0.81948
-0.086067	0.95902	-0.12437
-0.2109	0.40638	-0.31182
-0.062432	0.016922	-0.8374200000000001
-0.20497	-0.49851	-0.44312
-0.45621	0.64173	-0.16175
-0.7789700000000001	-0.54942	-0.39565
0.046667	-0.30058	-0.8256599999999999
0.36941	-0.3624	0.57617
0.0042122	1.1933	-0.29664
0.040639	0.2289	-0.58197
0.7693	0.29416	0.2552
-0.74385	0.2017	0.37129
0.50919	0.56765	-0.14472
0.10839	-0.025654	0.38745
1.1329	-0.43785	0.25461
0.43281	-0.43906	0.57982
-0.48552	0.5221	-0.17517
0.74159	-0.70594	-0.13704
-0.03028	0.29736	0.10188
-0.57666	-0.33637	-0.34556
-0.51056	0.17832	-0.42695
1.1431	-0.60725	0.19343
-0.15	-0.41091	-0.90408
0.73565	0.30634	-0.33043
0.09029	0.42821	-0.33365
-0.69631	-0.59651	0.30304
-0.28079	-0.303	0.25635
-0.4292	0.84977	-0.55319
-0.27866	0.75924	-0.30154
-0.82839	-0.19278	-0.2798
0.48175	-0.28301	0.56837
0.7329	-0.72775	0.0050181
0.80763	-0.24776	0.43261
0.00019372	0.14564	0.22857
0.89911	0.38519	0.029766
1.0249	-0.68698	-0.0088199
0.9677	-0.68959	-0.10261
-0.1464	0.48813	-0.23725
1.0435	-0.15851	-0.18138
0.31162	-0.011278	-0.72493
-0.03446	0.68692	-0.13351
0.9670800000000001	-0.44704	0.25805
-0.48066	0.96238	-0.50809
-0.2109	-0.32835	-0.8252699999999999
1.2424	-0.52283	-0.11874
-0.41827	0.62443	-0.24891
0.34358	-0.64794	-0.19688
0.11146	-0.6034	0.46387
-0.014517	-0.72848	0.40203
-0.44679	0.9939	-0.47405
-0.8507	-0.48005	-0.35684
0.60912	0.36216	-0.34773
0.4286	-0.19953	-0.7073
0.18002	0.23274	0.21547
-0.36383	0.99119	-0.6307700000000001
0.17263	-0.34583	-0.79794
0.9936700000000001	-0.42421	0.23799
0.23201	-0.17392	0.55264
-0.75157	-0.26263	-0.1394
0.0065045	0.7484499999999999	-0.19841
0.73167	0.5053	-0.078178
-0.77901	-0.16549	-0.43351
-0.30404	-0.59739	-0.15568
-0.18912	0.16996	-0.60602
0.88475	-0.3652	-0.37745
0.054057	0.42363	-0.28518
0.042749	-0.64999	0.29598
-0.28036	-0.047904	0.31451
-0.13013	0.93086	-0.15745
-0.12977	0.63124	0.13329
0.026481	-0.52536	-0.75013
0.93951	-0.47458	0.27989
1.0019	0.21901	-0.06536699999999999
0.02725	1.0747	-0.1713
-0.41284	0.85716	-0.32661
-0.46443	0.8655	-0.47845
-0.48114	0.16524	-0.50164
-0.5274	1.2778	-0.85103
0.94346	-0.32609	-0.3224
-0.40089	0.20018	0.47485
0.5665	-0.6252799999999999	-0.44715
0.7696499999999999	0.12951	-0.41141
0.85848	0.38839	-0.1393
0.10144	1.261	-0.29297
-0.51003	-0.31831	-0.25456
-0.42985	0.92762	-0.40107
0.26234	-0.4029	0.56325
-0.7171999999999999	0.21442	0.014385
0.74115	-0.19673	-0.52038
-0.3508	0.56646	0.39285
-0.09027499999999999	0.013567	-0.82662
0.10645	0.38362	-0.0062417
0.5770999999999999	0.28002	0.29175
-0.60251	0.10434	0.19317
0.068105	-0.5232	-0.68781
-0.09568599999999999	0.39252	0.15648
-0.69341	0.1605	0.13246
-0.8494	-0.11474	-0.2177
1.0845	-0.59759	-0.19339
-0.6763	0.20729	0.45819
-0.67762	-0.088574	-0.62061
0.92771	0.3532	0.07285800000000001
0.39218	-0.6636	0.19149
-0.5709	0.5422	-0.044346
-0.31907	-0.49882	-0.8295400000000001
-0.39622	0.75635	-0.22609
-0.45885	-0.33771	-0.62734
0.2439	-0.13005	-0.7907
-0.45832	1.027	-0.86825
-0.53202	-0.36971	-0.62704
0.56795	0.55237	-0.17984
-0.17119	-0.30439	-0.71976
0.41145	-0.53799	-0.47065
-0.12011	0.48215	-0.20497
-0.44435	0.81118	-0.70643
-0.48129	0.59646	0.34623
-0.19143	0.24735	-0.548
-0.73599	-0.27401	-0.16056
-0.16051	-0.31733	-0.80262
-0.29208	0.83655	-0.3975
-0.088062	0.21788	0.17364
-0.72243	-0.53696	-0.49599
-0.019094	0.9767400000000001	-0.31868
-0.41134	0.58932	0.38685
0.24573	-0.5547800000000001	-0.30523
-0.5220399999999999	0.47593	-0.17824
-0.12822	0.096233	-0.72594
0.87361	-0.30017	-0.41589
-0.03804	0.03154	0.29753
-0.41401	0.8384200000000001	-0.7286
0.58538	-0.082549	-0.61183
-0.48367	0.94669	-0.58146
-0.19882	0.59004	-0.22596
0.18431	0.44924	-0.10722
0.57681	0.40143	0.20951
1.0779	-0.06508899999999999	-0.020875
0.71149	-0.60343	-0.32965
1.0212	-0.10022	0.25836
-0.39638	0.69233	-0.49579
-0.6484	0.3538	0.16558
-0.15457	-0.5112	-0.39663
0.8947000000000001	0.36038	-0.10033
0.087009	-0.6527500000000001	0.28252
-0.084117	0.61959	-0.10379
0.87551	0.09284299999999999	0.345
0.45271	-0.63192	-0.20359
-0.14137	-0.47338	-0.58677
-0.1053	0.65138	-0.20292
0.82422	-0.62092	0.28046
0.35897	-0.40778	0.57813
-0.43296	-0.63784	0.073131
0.1845	-0.5797600000000001	-0.17832
-0.70412	-0.18325	-0.51641
-0.37963	-0.21091	0.2758
-0.096134	0.35798	0.16022
0.62888	-0.0029533	0.48763
-0.80236	-0.033548	-0.31601
-0.59727	-0.038672	-0.67717
0.099271	0.86314	-0.17817
-0.13093	-0.59016	0.45552
-0.37126	0.70362	-0.52505
0.78322	-0.39598	-0.51268
-0.65778	-0.29424	-0.16533
1.0654	-0.65643	-0.098098
-0.13326	0.87403	-0.22978
-0.16715	0.84655	-0.18039
1.0678	-0.011054	0.13759
-0.41148	0.41082	-0.33452
0.13639	-0.050685	-0.8092
1.0508	0.12193	0.012994
0.13417	0.44701	-0.3038
-0.22917	-0.27461	0.2671
0.59226	0.069121	0.4226
-0.0052187	-0.21125	0.33474
-0.74888	0.032202	-0.20043
-0.65809	0.029748	-0.5351
0.01068	0.09002499999999999	0.27179
-0.032769	0.14855	-0.76112
0.87133	-0.64637	0.22503
-0.35494	-0.54379	0.26742
0.89921	0.10396	0.33106
1.0198	0.18098	-0.06436699999999999
0.54961	0.034007	0.47949
-0.19097	0.74264	-0.18529
0.47814	0.14937	0.33423
-0.14683	0.38929	-0.39046
0.68419	-0.13166	-0.5603399999999999
0.5204	-0.59324	-0.58984
0.40714	0.015379	-0.6685
1.1145	-0.63741	-0.09354999999999999
1.2802	-0.51799	0.10052
1.0691	-0.25245	0.13516
-0.12483	-0.26701	0.25694
-0.47229	0.055153	-0.65818
0.8022	-0.20838	0.463
0.025432	-0.57563	-0.15081
-0.46844	0.022818	-0.68554
0.12612	0.98173	-0.23837
-0.36891	0.67997	0.23965
-0.53455	-0.41634	-0.0050689
-0.51913	0.18671	-0.36971
0.037344	-0.74109	0.44963
-0.010777	-0.087108	0.30367
0.51544	-0.60262	-0.54514
-0.11115	-0.5829299999999999	-0.082075
0.30586	-0.62171	0.43965
-0.49021	0.16711	-0.48567
-0.46614	1.1064	-0.86586
-0.35658	-0.50759	-0.64131
0.089196	-0.28323	0.48024
0.95348	-0.12904	-0.31444
0.69194	0.36238	0.23076
0.82086	-0.4494	-0.39458
-0.30755	-0.25867	0.25994
0.60029	0.55077	-0.016772
0.28782	-0.13916	0.56087
1.061	0.09116200000000001	0.0272
0.29635	0.50237	-0.099846
-0.39398	0.35295	-0.36345
-0.41249	0.64632	-0.29777
-0.30813	0.88563	-0.42142
0.67998	0.10906	0.40785
-0.6426500000000001	0.30717	0.47824
-0.27043	0.10438	-0.64277
-0.065111	0.42965	-0.31657
1.1914	-0.3397	-0.205
1.0658	-0.16845	0.16133
-0.2843	-0.59216	0.34407
-0.76063	-0.52253	-0.6074000000000001
-0.096801	-0.48818	-0.5248
-0.2441	0.079773	-0.64213
-0.65429	-0.15779	0.22258
-0.86781	-0.53247	-0.5169
-0.42446	0.00041971	0.29793
1.0305	0.16991	0.010649
-0.036377	0.90138	-0.10472
0.11286	1.0291	-0.26605
-0.47116	0.097342	-0.62174
-0.3376	-0.10391	-0.65404
-0.17419	-0.6067	0.064997
0.73376	-0.72277	0.18301
-0.67435	-0.44723	-0.67105
-0.56784	0.31062	-0.27837
-0.32167	-0.56903	-0.36924
0.71667	-0.032087	-0.50543
0.21868	0.33527	0.13812
-0.084274	-0.54378	0.42651
-0.26931	0.71949	-0.30327
-0.51271	0.66474	0.087141
0.25778	-0.6035700000000001	-0.12239
-0.63065	-0.19612	-0.5504599999999999
-0.12979	0.38103	0.20577
-0.63692	-0.42719	-0.2747
-0.66247	0.19918	-0.18944
-0.29387	0.7877	-0.43442
0.027089	0.9323	-0.18661
0.28899	0.2451	0.25765
-0.52428	-0.54453	-0.46394
-0.11082	0.040509	-0.8064
-0.62968	-0.53991	-0.47917
0.0071779	0.37618	0.0073664
-0.47711	1.0682	-0.57785
-0.1837	0.82461	-0.14637
-0.62669	0.44675	0.3562
0.045181	-0.55394	-0.2528
-0.59076	-0.24211	0.17578
0.2642	0.47836	-0.070768
0.95641	0.30048	-0.032468
-0.41931	0.77829	-0.2867
-0.10933	-0.49095	0.30111
-0.20171	-0.24108	-0.58502
-0.22267	0.023976	-0.64158
-0.78811	-0.097411	-0.47504
0.53495	0.37969	0.22728
-0.47054	0.30362	-0.3537
-0.47961	1.0765	-0.76156
0.81545	-0.07904700000000001	0.44373
0.23467	0.16957	0.28951
-0.009696	0.21363	-0.61674
0.82647	-0.35157	0.40203
-0.6233	0.18123	-0.23829
-0.67343	0.27038	0.44914
-0.087954	0.47584	-0.13076
0.95019	0.13345	0.26604
0.090762	0.85987	-0.23649
-0.61477	-0.45916	0.05036
-0.41131	0.11014	-0.62781
-0.20129	0.11916	0.25131
0.80287	0.16134	0.34084
-0.30713	0.76026	-0.22582
0.09291000000000001	-0.5232	-0.77403
-0.67816	-0.092864	0.21653
-0.49683	1.278	-0.83517
-0.016685	-0.27025	-0.82052
0.24634	-0.5319199999999999	-0.40114
0.15702	1.1848	-0.43617
0.22793	0.39358	-0.42068
-0.80385	-0.6109	0.19287
-0.59324	0.61083	0.12552
-0.26643	0.70777	-0.27041
0.050067	0.045952	0.3166
-0.38091	0.39495	0.46151
0.66845	-0.049257	0.49789
0.5844	0.5563399999999999	-0.15015
-0.31321	-0.6665	0.35465
-0.44832	-0.41977	0.15616
-0.28902	-0.67491	0.21366
0.6261	-0.27361	-0.64284
-0.4648	-0.53113	-0.55529
-0.14043	0.24373	0.16619
0.9180199999999999	0.17223	0.26545
0.19332	0.075599	-0.7403
-0.42699	0.34519	-0.35798
0.034331	0.90204	-0.16971
-0.46008	0.647	0.26405
0.34776	0.53286	-0.24575
-0.36125	0.98992	-0.49229
-0.1535	0.31304	0.23329
0.93988	-0.71141	0.086218
-0.37539	-0.28339	0.2027
0.09986100000000001	-0.60354	-0.046289
-0.28494	0.72181	-0.15222
0.49815	0.45694	0.14771
0.7062	-0.43664	-0.5476
-0.47863	-0.5547800000000001	-0.36057
0.50044	0.38363	0.22399
-0.42694	1.1277	-0.89246
0.7763099999999999	-0.31951	-0.50553
-0.11391	0.94179	-0.14028
1.0253	-0.60288	-0.21787
0.34107	0.42576	0.11144
-0.64428	-0.23831	-0.45328
-0.14175	0.7631	-0.22713
1.0182	0.01583	0.24685
-0.57102	-0.00080945	0.24446
-0.6837	0.14807	-0.10752
-0.43134	0.43354	-0.3077
-0.8359799999999999	-0.16239	-0.15226
0.28866	-0.026316	0.52537
0.37356	0.44533	0.10635
-0.37007	-0.55475	-0.28266
1.1806	-0.4358	-0.23433
0.61999	-0.52264	0.48032
1.0269	0.14853	-0.10068
-0.47035	0.57021	-0.18505
0.17337	0.076122	0.32665
0.28592	-0.54083	0.53729
0.033517	-0.15518	0.42602
0.61346	0.43237	-0.30662
0.5823	-0.75134	0.2291
0.1162	-0.17763	0.52821
-0.34419	0.68806	-0.48484
-0.39784	1.0237	-0.49909
-0.03962	0.42842	-0.14388
-0.25362	0.28284	-0.50935
0.89817	0.26122	-0.21567
1.1503	-0.33122	-0.22811
-0.78746	-0.21958	-0.31593
-0.20048	-0.32246	-0.80976
0.30168	0.030783	-0.7105399999999999
0.32977	-0.60939	-0.25705
-0.42531	0.001829	-0.69991
0.032012	0.43143	-0.17462
-0.46684	0.659	-0.12138
-0.022766	-0.7363499999999999	0.4518
-0.31751	0.24012	-0.5325299999999999
-0.092921	1.003	-0.16908
-0.054343	-0.26979	-0.80829
0.28506	-0.65296	0.44897
-0.5563	-0.30104	0.0024085
-0.58457	-0.18233	0.24985
-0.76398	-0.21373	-0.40104
-0.44881	0.052989	-0.6679
1.0767	-0.59832	0.25539
-0.017414	-0.0078093	-0.85158
-0.052115	-0.49203	-0.51352
0.14306	-0.59556	-0.093487
0.14614	-0.45648	0.48861
0.34894	-0.25914	-0.75093
0.51879	-0.18228	0.55235
-0.13124	0.21524	0.17438
0.14832	0.93904	-0.27083
-0.34123	-0.22548	-0.62605
0.81235	0.073547	-0.4145
0.94123	-0.39139	-0.30096
-0.83279	-0.14383	-0.28445
-0.7699	-0.1498	0.11193
0.7745300000000001	-0.39955	0.4303
-0.50624	0.29316	-0.3331
-0.85649	-0.54831	-0.31026
-0.55498	-0.52151	-0.62081
-0.29499	0.26517	-0.51588
-0.35438	0.88146	-0.32543
-0.20308	0.72942	0.063626
-0.62385	0.26369	-0.20291
-0.467	0.94869	-0.47288
-0.064322	0.4347	-0.21382
-0.033128	1.1337	-0.23516
-0.02986	0.36837	-0.41773
-0.68443	-0.27961	-0.062344
-0.37678	-0.67272	0.24748
-0.18661	-0.51018	-0.39118
0.40644	-0.021549	0.53264
0.32696	-0.14164	-0.75901
-0.47982	-0.28175	0.15482
-0.52682	1.0437	-0.65878
0.4616	-0.56959	-0.49505
0.21978	0.20367	-0.63763
0.99091	0.22458	-0.10185
0.30081	0.40412	0.10536
0.74041	-0.076807	0.45991
0.36621	0.47269	-0.34391
-0.24721	-0.48301	-0.51164
-0.74536	-0.22	-0.41833
-0.23277	-0.12503	0.29814
0.74609	-0.21113	0.49544
0.037047	-0.60559	-0.0062168
0.19874	-0.4646	0.5181
-0.33595	0.2609	0.43544
0.26822	0.24292	-0.54689
-0.29583	0.087131	0.2782
0.4921	0.231	-0.47138
0.1195	1.3189	-0.32389
0.19429	1.1149	-0.34964
-0.325	-0.48224	-0.61565
0.49338	0.26682	0.30129
1.1379	-0.26294	0.10581
1.1306	-0.30197	0.15789
0.48833	0.22983	0.31301
-0.63345	0.023372	0.15747
-0.19623	0.6606	-0.2053
1.2641	-0.27429	-0.08724999999999999
-0.064142	0.17311	-0.72081
0.60975	-0.28857	0.54137
-0.016258	-0.55996	-0.21002
-0.11267	0.6428199999999999	0.052387
-0.73326	-0.49475	0.086132
0.49882	0.33307	0.263
-0.38791	0.48897	0.45181
-0.42122	0.74794	-0.38027
0.57541	0.42871	0.18999
-0.7166400000000001	-0.21053	0.12801
-0.082844	0.8868	-0.27869
-0.35228	-0.42942	0.22276
0.5852000000000001	0.22516	-0.44986
1.002	-0.65327	0.2299
-0.056572	0.90055	-0.29482
-0.71557	0.22993	0.11438
0.8472499999999999	-0.20653	0.42106
0.64878	-0.75419	0.26195
0.39404	0.19548	-0.55881
-0.65549	0.1161	-0.022416
0.60441	0.54165	-0.17519
1.0594	-0.12279	-0.14127
-0.73834	0.14707	0.29205
0.38986	-0.48241	0.55393
0.95044	-0.10668	0.34483
-0.7395	0.037495	-0.24444
1.0182	-0.063129	0.25899
-0.81684	-0.59842	-0.019162
0.8353699999999999	-0.00093504	0.41448
-0.48907	0.19822	-0.41195
0.18737	-0.65268	0.21786
0.46557	-0.68846	0.21667
-0.36285	-0.18427	0.29276
0.45081	0.16326	0.33488
-0.37813	0.60546	0.36665
1.1732	-0.3262	0.1859
-0.87304	-0.5382400000000001	-0.46303
0.16563	0.45559	-0.16404
-0.484	-0.19428	-0.60003
0.15501	0.37062	-0.44243
0.36855	-0.43616	-0.69217
-0.37613	0.98227	-0.45075
0.27972	0.49437	-0.099089
-0.6942	0.21438	0.44622
0.47362	0.51629	0.042214
0.041324	1.1796	-0.20446
0.60648	-0.62706	-0.43966
0.45951	0.047432	-0.61978
-0.2911	0.53549	0.35126
0.88228	-0.115	-0.37805
-0.46619	1.0482	-0.7924600000000001
0.18063	0.22704	-0.6244499999999999
-0.14538	0.06531099999999999	-0.73228
-0.34556	0.43437	-0.34059
0.43236	-0.7023200000000001	0.11938
-0.39401	1.0032	-0.46847
1.307	-0.39473	0.094384
-0.8147799999999999	-0.1172	-0.0177
-0.45979	-0.21013	-0.61426
1.27	-0.49161	-0.082381
-0.09572899999999999	0.98528	-0.25618
-0.45917	0.97495	-0.82842
-0.70336	-0.27849	-0.26716
-0.42626	0.06804399999999999	0.26487
0.59392	0.094279	-0.52032
-0.09198199999999999	-0.090601	0.30099
-0.25625	-0.1531	0.28497
0.17346	0.26651	-0.51189
-0.30688	-0.30083	-0.61737
-0.45743	1.0989	-0.60868
-0.36405	0.78352	-0.22208
-0.67067	-0.40298	-0.62778
0.49097	-0.75142	0.4433
0.11197	0.43844	-0.21234
-0.22321	0.72985	-0.15694
-0.01013	0.4352	-0.25149
-0.40455	-0.39212	-0.73027
0.0085571	-0.42965	0.36479
-0.74625	-0.54553	0.19792
-0.1193	0.12852	0.25896
-0.45868	0.15619	-0.5436800000000001
-0.33849	0.09515999999999999	-0.65831
-0.35786	0.48291	0.4319
-0.72673	-0.27143	-0.11477
-0.40735	0.65039	-0.31168
-0.35396	0.98778	-0.52445
-0.014227	-0.7177	0.5266
-0.52307	0.32431	0.54408
-0.075034	0.93803	-0.28718
0.10911	0.11927	-0.75148
-0.15408	0.32125	-0.46277
0.29496	0.08354	0.33392
0.80977	0.098443	-0.40399
-0.091224	-0.44427	-0.88311
-0.054367	0.36114	-0.42496
-0.16328	0.66503	-0.20959
0.15908	0.1617	0.271
0.96953	0.08770600000000001	-0.25173
-0.54427	-0.11497	-0.66487
-0.54557	-0.57102	0.31624
-0.82079	-0.57242	-0.021979
-0.31364	0.34164	-0.36943
0.2513	0.0040095	-0.74259
0.8100000000000001	-0.16222	0.46023
0.069926	1.2747	-0.38169
0.04307	1.0835	-0.35208
-0.092637	0.87539	-0.088056
0.038269	0.14483	-0.75986
-0.009873399999999999	-0.5706	-0.16376
0.66194	0.50276	-0.19674
0.73732	0.1365	-0.42593
-0.63425	-0.52455	0.2657
-0.51847	0.50684	-0.13081
0.33696	0.47722	-0.3307
0.14816	-0.56582	-0.22984
-0.45685	0.67744	-0.07702000000000001
-0.10913	0.70101	-0.2253
0.5728	0.56211	-0.086134
-0.6850000000000001	0.11382	0.25891
0.17429	-0.53879	0.48573
-0.47135	-0.66708	0.30918
0.54474	0.075049	0.42088
-0.56892	0.609	-0.026172
0.85344	-0.25576	-0.44072
0.46935	0.09118	0.3904
0.79486	-0.5924	0.33359
0.088446	1.0322	-0.26073
0.20828	0.0087113	-0.75905
0.79417	-0.32452	0.41107
0.50153	-0.64536	-0.3141
-0.25386	-0.43393	0.22254
-0.023125	0.02262	-0.842
-0.6773	0.14731	0.13023
-0.72119	0.20253	0.060467
0.6219	-0.60365	-0.52091
0.22423	0.12639	0.30737
0.9770799999999999	0.092893	0.26575
0.32943	0.30123	-0.45583
0.12075	1.1346	-0.31571
0.26669	0.2259	-0.58774
0.64498	0.1187	-0.48418
-0.59961	0.45848	0.40463
0.25603	0.50614	-0.28838
-0.02231	0.71897	-0.19949
0.14597	0.11052	-0.74105
-0.17855	-0.57415	0.41537
0.46288	0.52661	0.010226
-0.080956	0.66315	-0.19995
-0.44803	-0.10781	0.32083
0.13342	0.40198	-0.042355
-0.13726	0.14892	0.24131
-0.48693	-0.36991	-0.19237
-0.35023	0.32643	0.44922
-0.4098	-0.41543	-0.78939
1.0737	-0.52697	0.28052
0.65784	-0.5577800000000001	0.44457
0.043687	0.37027	0.029145
0.15061	0.43757	-0.32572
0.95496	-0.44081	0.28523
0.07194200000000001	1.3024	-0.29676
-0.68913	0.1933	-0.13338
-0.056546	-0.63534	0.22675
0.095307	1.3307	-0.41008
0.89154	0.27164	0.23268
0.11146	0.15207	-0.72336
0.57547	-0.2519	0.5586
0.2154	-0.28698	-0.80428
-0.35633	0.84189	-0.60744
0.64739	-0.63281	0.40978
0.78247	-0.27229	0.45386
-0.68323	0.30327	0.033252
0.66395	-0.28638	0.51641
-0.21576	-0.57738	0.3922
-0.061823	1.0377	-0.1659
-0.75831	-0.078039	0.087881
-0.041969	0.37904	-0.3875
1.1733	-0.40957	0.23769
-0.18221	-0.27525	0.26959
-0.36621	0.18425	0.39338
0.93882	-0.071201	0.36712
0.042063	0.25894	-0.53638
-0.5276	0.13945	0.43739
-0.36261	-0.33009	-0.63614
-0.0087162	0.14895	-0.75979
0.16163	0.047107	0.33258
0.8204	0.17269	0.31888
-0.75915	-0.51023	-0.65627
-0.31113	0.8621	-0.49228
0.13314	1.0336	-0.33903
0.42989	-0.60619	0.5043800000000001
0.72872	0.49727	0.049511
0.84243	-0.59218	0.28829
0.079556	-0.6425999999999999	0.2065
-0.088992	0.76727	-0.24905
0.79589	0.4725	0.030202
0.40636	0.093555	-0.62116
-0.027027	-0.46701	-0.65549
-0.48489	-0.030057	0.29396
1.2586	-0.24944	0.00047417
1.0895	-0.18703	-0.022223
0.27262	-0.25518	-0.78687
0.10711	0.38942	-0.41596
0.54555	-0.3348	-0.67686
0.85234	0.045815	-0.39931
-0.086795	-0.26598	0.24187
0.56535	-0.18971	-0.65137
-0.12613	-0.2375	0.26825
0.042893	0.3187	0.10546
0.072156	0.24047	-0.54744
-0.11988	0.76139	-0.23808
0.343	-0.28122	0.59197
1.1068	-0.21976	-0.099359
-0.34909	0.41829	-0.34887
-0.049224	0.10731	0.24798
-0.57889	0.61656	0.0028038
0.89796	-0.15642	0.38955
-0.30543	0.58648	-0.32296
1.0694	-0.21045	-0.14161
-0.50698	-0.51518	-0.66797
0.018541	0.79301	-0.13296
1.3106	-0.41829	-0.036319
-0.68803	0.27114	-0.024092
0.69915	0.29646	0.26065
0.57779	-0.26263	-0.66468
0.37899	0.42355	-0.39008
-0.43497	-0.13284	0.30027
0.31594	-0.57655	-0.28035
0.022522	-0.33022	0.36391
0.76971	-0.60371	0.34546
-0.661	0.09399	-0.30422
-0.10205	0.82995	-0.26189
-0.10885	0.060944	0.28237
-0.20163	0.73273	0.029634
-0.36528	0.55685	-0.3
0.30301	0.10265	0.32143
0.12336	-0.21079	0.51895
1.0092	-0.23415	-0.2308
0.76439	-0.15351	-0.50186
1.0289	-0.18265	0.23728
0.5158700000000001	0.15026	0.32857
-0.36107	0.11681	-0.65335
0.099435	0.43703	-0.24703
0.1292	1.06	-0.3538
0.6351	0.31807	-0.36537
-0.36793	0.52	0.42766
0.93566	-0.0091761	-0.33295
-0.45757	1.08	-0.89133
-0.17531	-0.29396	-0.62464
0.78037	-0.72053	0.15016
-0.56348	-0.44059	-0.049228
0.15713	0.42526	-0.37788
-0.53323	0.65208	0.0053417
0.70584	-0.55716	0.40193
1.0367	0.14294	-0.06332400000000001
0.303	0.35143	0.17717
-0.53088	0.58973	-0.084218
1.1807	-0.52301	0.23347
-0.41179	0.71796	-0.3774
-0.38345	-0.11247	-0.64301
0.49127	0.47757	0.11937
-0.74598	-0.13752	0.14875
-0.34096	0.45953	-0.32986
0.64514	-0.35886	0.51449
0.70157	-0.53405	-0.42323
0.95824	0.056703	-0.29096
-0.55469	1.2035	-0.77249
0.095459	0.40648	-0.38189
0.84548	0.31046	-0.24544
-0.48837	-0.32433	0.014403
0.99565	0.083422	-0.21651
-0.33504	0.87641	-0.56667
-0.33345	-0.65816	0.1436
-0.014571	0.41123	-0.32008
0.69821	0.12141	0.40026
-0.61134	-0.29414	-0.044606
-0.37433	-0.44155	-0.88564
0.47653	-0.70323	0.023953
0.84923	-0.17905	-0.43667
0.88145	-0.079263	-0.37627
-0.27386	-0.016258	0.31316
-0.10348	-0.2366	0.25788
0.84313	-0.67339	0.21245
-0.71487	-0.52355	-0.13327
-0.39915	-0.057766	-0.6645
-0.61165	-0.16141	-0.5899
1.1014	-0.63123	-0.12496
-0.064372	-0.56552	-0.17154
-0.42263	-0.18293	-0.63107
0.97997	-0.54584	0.26808
-0.50303	-0.61088	0.32178
-0.5246	0.46205	0.48211
-0.67171	0.0042492	-0.56814
-0.18367	0.39193	-0.35022
0.51462	0.53569	-0.23636
-0.35463	0.35263	0.44153
0.43645	0.50784	0.040745
0.59854	-0.66661	-0.25095
-0.06596399999999999	-0.63934	0.26384
-0.81349	-0.1932	-0.10432
0.48491	-0.77298	0.41343
-0.20848	0.76252	-0.14571
-0.26372	0.32285	0.33366
0.45499	-0.4124	0.58446
0.060944	1.1048	-0.25959
0.64836	-0.092237	-0.57694
-0.08930299999999999	0.53546	-0.08210199999999999
0.39037	-0.67766	0.09729
-0.60273	-0.033597	0.24682
-0.15026	0.76754	-0.046067
0.34157	0.52741	-0.1225
-0.64416	-0.08719499999999999	0.24172
0.31367	0.48412	-0.31483
0.53711	0.2011	-0.47667
-0.55199	0.42917	0.49345
-0.010804	0.23669	0.16932
-0.64544	-0.26544	0.087829
0.2521	-0.10513	0.54593
0.24219	0.032499	0.41699
-0.48485	-0.0027372	-0.6928800000000001
0.5886	-0.34	-0.6565
1.1765	-0.24171	0.077375
-0.83445	-0.18868	-0.19783
-0.07281700000000001	0.44861	0.052891
-0.064375	0.14274	-0.76315
0.7041500000000001	-0.48883	-0.49297
-0.58147	-0.3089	-0.16608
-0.47177	1.1477	-0.87336
-0.30093	0.40589	0.34544
0.64672	0.52235	-0.17692
0.40726	-0.2099	0.58718
0.96817	-0.09545099999999999	-0.29062
1.2389	-0.35369	-0.16586
-0.12677	0.6811	0.09675400000000001
-0.073268	0.43387	-0.18084
0.85331	-0.36798	-0.41107
0.73548	-0.54694	0.38908
-0.7329599999999999	-0.41999	-0.63248
0.21857	-0.26801	0.54089
0.13145	-0.52063	-0.76785
-0.034714	1.0616	-0.31362
-0.069449	-0.37948	0.23218
1.0177	-0.35021	0.21424
-0.48348	1.1201	-0.80535
-0.18025	-0.37254	0.22691
-0.12261	0.61621	-0.18599
-0.19076	0.49944	0.22419
-0.58366	-0.061396	0.27665
1.0394	-0.34342	0.19011
0.71202	0.50975	-0.11045
0.8816000000000001	0.34462	-0.1609
0.4976	0.4218	-0.35619
0.97267	-0.064891	0.32448
-0.42208	-0.019418	-0.69323
-0.66133	-0.19283	-0.54426
-0.5997400000000001	-0.45955	-0.06913999999999999
-0.33634	-0.25124	0.2458
-0.5542	-0.14425	-0.62121
0.50504	0.3984	-0.36701
-0.37054	0.14401	-0.62758
-0.4844	-0.46757	-0.7012699999999999
0.89884	0.18771	-0.27768
-0.71495	-0.19584	0.14291
0.71641	0.0032578	0.44088
-0.47105	-0.32827	0.05681
1.0145	0.14491	-0.13795
-0.31793	0.82142	-0.29015
-0.43961	0.11396	0.25307
-0.4346	0.69513	0.090001
0.010988	-0.29187	0.35027
0.53543	-0.72333	0.075144
0.7412300000000001	0.1024	-0.43992
0.31922	-0.52057	-0.55253
0.23232	0.46517	-0.33958
-0.72342	0.055651	-0.19047
-0.45233	0.20965	-0.44003
0.015898	0.022906	-0.83317
0.41191	-0.35041	-0.72851
0.02098	-0.56776	-0.18395
0.71608	-0.21288	0.51578
0.08469	0.30866	0.10894
-0.73132	0.22966	0.29009
0.11524	0.035546	0.32088
-0.60926	-0.60612	-0.1034
-0.71046	0.0037609	0.086797
0.7972	0.41052	0.17393
0.16655	0.19781	-0.66549
0.42853	-0.76738	0.43557
-0.059881	-0.16563	-0.8268799999999999
1.1033	-0.36224	-0.26178
-0.38273	0.90586	-0.34719
0.080803	0.9759	-0.22637
-0.388	0.23267	-0.47164
-0.32225	0.90281	-0.40102
-0.76644	-0.51248	0.032173
0.11692	0.91368	-0.26692
-0.67424	0.29975	0.4272
-0.78551	-0.008405299999999999	-0.11804
-0.6817	-0.4325	-0.2906
0.8573	0.062974	0.37144
-0.69073	-0.48034	-0.019887
0.27577	0.17395	0.29494
0.6057399999999999	-0.092765	0.53852
0.96485	0.26856	-0.10016
-0.15138	-0.035127	0.2887
0.74574	-0.73442	0.10361
0.33165	0.40897	-0.41105
0.90424	-0.51739	0.28918
0.069962	0.20385	-0.68907
0.30905	-0.65786	0.44494
0.12366	0.41116	-0.076349
0.86108	-0.44648	0.37421
1.0847	-0.62754	-0.14954
-0.70772	0.26432	0.074103
-0.054396	0.43673	-0.07133399999999999
-0.062773	0.3029	-0.49096
-0.34884	-0.49653	-0.5821499999999999
0.83158	-0.6942700000000001	0.1947
-0.4666	-0.36157	0.088232
1.074	-0.026549	-0.021744
-0.11498	-0.56155	-0.18491
0.35507	-0.29844	-0.75052
0.079987	1.2807	-0.39739
-0.017038	0.80613	-0.26077
0.14173	-0.6531400000000001	0.25391
1.0764	-0.12733	0.1375
-0.3476	0.19581	0.3785
-0.13924	-0.34905	0.21966
-0.71668	-0.3949	-0.57433
0.083136	-0.74488	0.46236
0.44034	-0.68048	0.23708
0.14714	0.9301199999999999	-0.20318
0.89127	-0.72396	-0.013522
-0.23723	-0.46614	-0.60348
-0.73093	-0.00041899	-0.47101
0.16553	0.013496	-0.77779
-0.49483	-0.33059	-0.19013
0.3511	0.19383	-0.58607
1.074	0.031651	0.08683299999999999
-0.17348	0.092793	0.26567
-0.076333	-0.14746	0.27633
-0.77083	-0.5747100000000001	0.20141
0.084198	0.42802	-0.21398
-0.01342	-0.28809	0.3045
-0.80365	-0.63026	0.17343
0.42419	-0.69258	-0.04058
-0.22615	-0.18082	0.28516
-0.30673	-0.01237	-0.6579
0.073642	-0.18904	-0.85423
-0.13092	0.67318	0.13704
0.31801	0.47579	0.0035283
0.1435	0.30359	-0.49634
-0.40317	0.32096	-0.37348
0.80461	-0.55835	0.3413
0.48773	0.5643899999999999	-0.1807
-0.52679	-0.42655	0.052367
-0.18665	0.7805800000000001	-0.080572
1.0804	-0.67331	0.049366
-0.011523	-0.63971	0.23516
0.052529	0.18247	0.21584
0.85218	0.33747	-0.21182
-0.06427099999999999	0.050397	-0.8220499999999999
0.21782	-0.56916	0.48121
-0.022255	0.25062	-0.55097
0.38876	0.18264	-0.57623
1.1725	-0.59593	0.1745
1.2707	-0.40713	-0.1358
-0.83285	-0.073972	-0.1466
-0.71172	0.21749	-0.023466
0.4475	0.22571	0.31167
1.0095	-0.18478	0.26865
0.73811	-0.2749	0.49215
0.10921	-0.27304	0.49734
-0.8482	-0.14926	-0.18214
0.99331	-0.13877	-0.266
1.0115	0.18307	0.15161
0.49179	-0.71301	0.44239
-0.58597	-0.63541	0.11284
-0.40755	0.1296	0.27209
-0.30897	0.7115	-0.44824
0.06346599999999999	0.34848	-0.4617
-0.55718	-0.31495	-0.56041
0.19271	1.1177	-0.37401
-0.087885	-0.60922	0.054785
-0.65547	-0.41569	-0.30881
-0.009650300000000001	-0.497	0.35805
-0.36505	-0.46126	0.2217
0.48462	0.20007	-0.49268
1.04	0.06850299999999999	-0.13819
-0.22306	-0.61464	0.1067
-0.18756	-0.46923	-0.5982499999999999
0.88672	0.21962	0.26915
0.034908	-0.34759	-0.81013
0.39663	-0.6382100000000001	-0.27855
0.7170800000000001	0.07316400000000001	0.41187
0.16244	0.38391	-0.42443
0.96822	0.066123	0.29381
-0.035971	-0.14882	0.28274
0.53584	-0.77364	0.41056
0.18711	0.2395	-0.59735
0.08379	0.39466	-0.40623
1.0149	-0.46934	-0.31056
-0.4492	0.9353399999999999	-0.6936600000000001
0.85445	0.1381	0.32885
-0.25997	0.66744	-0.27391
-0.6039600000000001	-0.50725	-0.6882200000000001
-0.57557	-0.17762	-0.57858
0.24683	0.021012	0.4484
-0.31586	0.27861	-0.47668
-0.1001	-0.40195	0.20719
-0.65457	-0.10965	-0.62193
-0.50184	-0.3405	-0.048077
-0.13613	0.42592	-0.28579
0.06980699999999999	0.4262	-0.24919
-0.51653	-0.31584	-0.049345
-0.6035700000000001	0.10044	0.24006
-0.53579	-0.32247	-0.14094
-0.0066004	0.74044	-0.13232
-0.5276999999999999	-0.55474	-0.40718
-0.0084469	-0.151	-0.8488
-0.30337	0.072256	0.28811
-0.56228	0.00034608	-0.67798
-0.11025	0.39113	0.17862
0.24205	0.20469	0.2704
-0.47086	0.07106700000000001	0.24077
-0.32577	0.70665	0.17618
-0.48694	-0.34053	-0.19777
1.2815	-0.29618	-0.073847
-0.15073	0.50664	0.18194
-0.15846	0.75496	-0.2143
0.58933	0.12931	-0.50183
1.1144	-0.66021	0.042687
0.50813	0.059261	0.45668
-0.44282	1.175	-0.75308
-0.33416	0.92993	-0.42473
0.07664899999999999	-0.13426	0.48482
0.88657	-0.00018501	0.38154
0.012558	-0.47766	-0.5952
1.2352	-0.24469	-0.081828
-0.7338	-0.25168	-0.027048
-0.088533	0.82394	-0.26541
-0.13018	-0.46091	0.22168
-0.40632	0.012934	-0.6987
0.43882	0.042484	0.47902
-0.06844	-0.49188	0.31499
-0.48236	0.666	0.17144
-0.25044	0.67079	-0.21574
-0.23144	0.50024	0.26995
0.7359599999999999	0.29448	0.25984
0.95425	-0.23278	0.3354
-0.18417	-0.31283	0.26109
1.0966	-0.6073499999999999	0.23235
0.22098	-0.35008	-0.7902400000000001
0.64146	0.28771	-0.38442
0.41998	-0.57046	-0.6494799999999999
-0.28455	0.43686	-0.33243
0.53137	0.26418	-0.44873
