-1.4165	0.1613500000000001	-0.46909
-1.3806	0.09527300000000008	-0.34714
-1.3799	0.1751300000000001	-0.46475
-1.3772	0.1173200000000001	-0.37984
-1.3733	0.2071500000000001	-0.52047
-1.3639	0.1899600000000001	-0.48036
-1.3624	0.1764900000000001	-0.54719
-1.3619	0.08583200000000009	-0.4559
-1.3555	0.2338200000000001	-0.56793
-1.3337	0.1760700000000001	-0.45593
-1.3279	0.1053300000000001	-0.48646
-1.3269	-0.6862399999999999	-1.0008
-1.3266	0.01049800000000008	-0.26222
-1.3253	-0.7261799999999999	-0.96101
-1.3185	0.08709000000000008	-0.35914
-1.3183	-0.6193499999999998	-0.97917
-1.2931	-0.7083099999999999	-0.97895
-1.2856	-0.5614099999999999	-1.022
-1.2831	-0.01338099999999992	-0.24153
-1.2805	-0.0003333799999999216	-0.40842
-1.2768	-0.04293299999999992	-0.3724
-1.2762	-0.5739899999999999	-0.98334
-1.275	-0.1137299999999999	-0.28648
-1.2729	0.04105200000000007	-0.31771
-1.2659	-0.1357399999999999	-0.25513
-1.2528	-0.1138899999999999	-0.1894
-1.2423	-0.1546799999999999	-0.19937
-1.2399	-0.7610899999999999	-0.9018
-1.2385	0.2622900000000001	-0.51371
-1.2384	0.1613000000000001	-0.51753
-1.238	0.06920800000000008	-0.4604
-1.2364	0.1973500000000001	-0.43832
-1.2321	-0.6431699999999999	-1.007
-1.2262	-0.1851199999999999	-0.27081
-1.2235	-0.7088999999999999	-0.92192
-1.2035	-0.2185199999999999	-0.25269
-1.1995	-0.6028999999999999	-0.83063
-1.1947	-0.1966099999999999	-0.28825
-1.1931	-0.1073999999999999	-0.15828
-1.1927	0.1155900000000001	-0.46986
-1.1925	-0.7932299999999999	-0.74719
-1.1921	-0.01506899999999993	-0.41458
-1.1906	-0.2394499999999999	-0.23677
-1.1905	-0.6987399999999999	-0.6505300000000001
-1.1881	-0.6900499999999999	-0.91474
-1.1859	-0.7415599999999999	-0.6533099999999999
-1.1841	-0.6620699999999999	-0.65887
-1.1813	-0.1507099999999999	-0.12423
-1.1588	0.04352000000000007	-0.31514
-1.1543	0.2177600000000001	-0.50337
-1.1528	-0.7253499999999999	-0.8257
-1.1522	0.2572	-0.5138
-1.1509	-0.6501899999999999	-0.56569
-1.1471	0.1968800000000001	-0.48425
-1.1459	-0.1616799999999999	-0.33653
-1.1455	-0.05996399999999993	-0.24067
-1.143	0.2694400000000001	-0.46396
-1.1419	-0.6142199999999999	-0.6122300000000001
-1.1413	0.1121000000000001	-0.44023
-1.1408	-0.5318899999999999	-1.0187
-1.1382	-0.31395	-0.17843
-1.1348	-0.2278199999999999	-0.08703
-1.1317	-0.7195099999999999	-0.80979
-1.1312	-0.7616399999999999	-0.7638
-1.129	-0.6657699999999999	-0.49262
-1.1188	-0.5914999999999999	-0.60872
-1.1179	-0.30158	-0.090438
-1.1164	0.2140700000000001	-0.46508
-1.1148	-0.2654299999999999	-0.26827
-1.1088	-0.3439999999999999	-0.16284
-1.1056	-0.05487499999999993	-0.23222
-1.105	-0.5498699999999999	-0.83397
-1.1049	-0.33161	-0.20067
-1.1047	-0.29109	-0.24731
-1.1045	-0.5382999999999999	-0.9879
-1.1038	-0.2461	-0.070671
-1.1016	-0.1440299999999999	-0.15396
-1.1011	0.1623000000000001	-0.42893
-1.1	0.20206	-0.34226
-1.0999	-0.16106	-0.34316
-1.0999	0.2528000000000001	-0.42073
-1.0995	-0.6789199999999999	-0.87101
-1.0995	-0.6400399999999999	-0.96339
-1.0992	0.1184400000000001	-0.41527
-1.0975	-0.7066999999999999	-0.79706
-1.0959	-0.6695699999999999	-0.89144
-1.0899	0.07027800000000006	-0.39926
-1.0721	0.2323800000000001	-0.38346
-1.0683	-0.5495599999999999	-0.88018
-1.0682	-0.5485099999999999	-0.9263
-1.0675	-0.7766499999999998	-0.64744
-1.0647	-0.6061999999999999	-0.42629
-1.0627	-0.7893299999999999	-0.51516
-1.0564	0.20894	-0.37838
-1.0556	-0.3778	-0.06322
-1.0549	-0.02560599999999993	-0.20428
-1.0459	-0.3311399999999999	-0.035558
-1.0431	-0.07565999999999994	-0.35666
-1.0387	-0.7404199999999999	-0.33548
-1.0245	-0.7470799999999999	-0.32082
-1.0228	-0.6306799999999999	-0.99408
-1.0188	0.1480600000000001	-0.25341
-1.0147	0.1286700000000001	-0.23201
-1.0143	0.1054	-0.21168
-1.0127	-0.6642199999999999	-0.88549
-1.0086	-0.06567499999999994	-0.3402
-1.0072	-0.24518	-0.2906
-1.0064	-0.3299099999999999	-0.23847
-1.0042	-0.43114	-0.028222
-1.0022	-0.02161999999999994	-0.12518
-0.98925	0.1134400000000001	-0.27978
-0.98345	0.10404	-0.24803
-0.97917	-0.4846799999999999	-0.070356
-0.97631	0.02724600000000006	-0.29337
-0.97317	-0.7295199999999998	-0.55911
-0.97231	-0.5361899999999999	-0.55705
-0.9700800000000001	-0.6428499999999999	-0.95596
-0.96706	-0.6055199999999998	-0.96466
-0.96352	-0.6125499999999999	-0.24507
-0.96019	-0.7432699999999999	-0.20236
-0.95163	-0.6991699999999998	0.16262
-0.9515400000000001	-0.6521999999999999	0.1121
-0.95077	-0.7664299999999998	-0.25422
-0.95069	-0.6076499999999999	0.12269
-0.94983	-0.6216699999999998	-0.20183
-0.94952	-0.6993099999999999	-0.11616
-0.94937	-0.7390099999999998	0.12106
-0.94425	-0.5118999999999999	0.065347
-0.94259	-0.7913799999999999	0.12679
-0.94169	-0.6997499999999999	-0.02638
-0.94114	-0.6934099999999999	-0.064498
-0.93975	-0.7867999999999999	0.073023
-0.93948	-0.5341099999999999	-0.031895
-0.93734	-0.1106499999999999	-0.27989
-0.93705	-0.6082999999999998	-0.021048
-0.93575	-0.5804999999999999	-0.77637
-0.93565	-0.6984999999999999	0.29252
-0.93425	-0.5907199999999999	-0.24244
-0.93219	-0.5618399999999999	0.29499
-0.9301700000000001	-0.8371499999999998	0.16367
-0.92843	-0.8334299999999999	0.070391
-0.92831	-0.7698599999999999	-0.23979
-0.92646	-0.1921899999999999	-0.27022
-0.92632	-0.3289699999999999	-0.23057
-0.9234	-0.5644599999999999	-0.2966
-0.92255	-0.6044499999999999	-0.10582
-0.92092	-0.6989899999999999	0.33957
-0.92086	-0.6511499999999999	0.34479
-0.92052	-0.5619699999999999	0.33836
-0.91955	-0.7678499999999999	-0.16184
-0.91942	-0.6074299999999999	-0.88096
-0.9190199999999999	-0.4339199999999999	0.11583
-0.91822	-0.8775299999999999	0.11375
-0.91818	-0.3961799999999999	0.052442
-0.91762	-0.5173599999999999	-0.11
-0.9176	-0.8803299999999998	0.16023
-0.91248	-0.20902	-0.25833
-0.91135	-0.7813099999999998	-0.11558
-0.9064	-0.5793700000000001	-0.21574
-0.90378	-0.866	-0.0037845
-0.90229	-0.82658	-0.057431
-0.90177	-0.57912	-0.13735
-0.89698	-0.89769	0.24627
-0.8960300000000001	-0.93446	0.16546
-0.89551	-0.89627	0.019675
-0.8944800000000001	-0.66722	0.40507
-0.88915	-0.74388	0.40187
-0.88883	-0.84277	-0.06839099999999999
-0.88771	-0.36097	0.045458
-0.88734	-0.8797199999999999	0.30225
-0.88612	-0.74988	-0.42326
-0.8853799999999999	-0.73656	-0.56163
-0.88401	-0.57511	-0.65211
-0.88129	-0.4103599999999999	0.17501
-0.88112	-0.51352	0.39416
-0.87637	-0.54877	-0.43381
-0.8754800000000001	-0.91159	0.28952
-0.87048	-0.4004799999999999	0.15145
-0.8699500000000001	-0.97375	0.11372
-0.86735	-0.7419	0.43793
-0.86395	-0.87507	-0.064877
-0.8565700000000001	-0.70949	0.46061
-0.8530799999999999	-0.73448	-0.60872
-0.84798	-0.6545	-0.74078
-0.84332	-0.7378	-0.46901
-0.84234	-0.3126099999999999	0.0065735
-0.83952	-0.6916099999999999	0.48361
-0.83906	-0.65073	-0.69777
-0.83338	-0.75831	-0.2864
-0.83309	-0.2948	-0.1896
-0.83291	-0.61496	0.47153
-0.83178	-0.55042	-0.24608
-0.83134	-0.3364599999999999	0.026074
-0.82838	-0.55294	-0.34155
-0.82755	-0.7035400000000001	-0.59934
-0.82638	-0.77066	-0.24404
-0.82289	-0.42065	-0.1631
-0.81992	-0.31634	0.0010993
-0.81767	-0.28471	-0.1751
-0.81051	-0.70701	-0.46897
-0.80744	-0.26261	-0.11205
-0.80294	-0.57918	-0.42414
-0.80014	-0.2963199999999999	-0.14808
-0.79455	-0.84278	0.48677
-0.7921200000000002	-0.98924	0.2624
-0.7905	-0.57369	0.46125
-0.7874300000000001	-0.9882300000000001	0.10566
-0.78264	-0.69456	-0.41917
-0.7805	-0.77847	-0.19947
-0.7783	-0.86217	-0.10425
-0.7703400000000001	-0.95096	0.36731
-0.7644	-0.34977	-0.1063
-0.75312	-0.4395299999999999	0.32996
-0.74963	-0.50257	0.3961
-0.74804	-0.5727100000000001	0.46582
-0.7436000000000001	-0.96523	0.34351
-0.7421300000000001	-0.99565	0.19297
-0.7415800000000001	-0.9904500000000001	0.10099
-0.73964	-0.60878	-0.28897
-0.73935	-0.52214	-0.20265
-0.73346	-0.70507	0.5789800000000001
-0.7312	-0.42375	-0.15309
-0.7302999999999999	-0.48759	-0.18805
-0.72715	-0.70134	-0.25305
-0.7261300000000001	-0.3608899999999999	-0.080666
-0.72587	-0.4024199999999999	0.243
-0.7029	-0.3616599999999999	0.13507
-0.70289	-0.51224	0.39039
-0.70284	-0.50872	-0.21526
-0.69918	-0.87316	0.55681
-0.69884	-0.65019	0.57048
-0.6975800000000001	-0.91556	-0.068102
-0.69604	-0.84028	-0.16029
-0.6935600000000001	-0.98365	0.11233
-0.69286	-0.3673299999999999	0.16861
-0.69075	-0.64917	-0.25421
-0.68979	-0.73986	-0.23268
-0.68809	-0.69679	-0.24459
-0.67249	-0.4561499999999999	0.35481
-0.6550100000000001	-0.95534	0.47951
-0.65158	-0.59039	0.49897
-0.6512400000000002	-0.91261	-0.10339
-0.64889	-0.3688799999999999	-0.1145
-0.64824	-0.3897999999999999	-0.14339
-0.64364	-0.3454699999999999	-0.06464300000000001
-0.64312	-0.55898	-0.24664
-0.63696	-0.7434500000000001	0.64456
-0.63392	-0.7194	0.63845
-0.62487	-0.4069099999999999	-0.17572
-0.6233500000000001	-0.93676	-0.082649
-0.62222	-0.89764	-0.12802
-0.61116	-0.31607	0.024522
-0.6111300000000001	-0.95711	-0.064334
-0.60765	-0.45916	0.40492
-0.6056900000000001	-0.97362	0.43992
-0.6055200000000001	-0.97249	0.39379
-0.60219	-0.4231599999999999	-0.19752
-0.59821	-0.65021	-0.26222
-0.57495	-0.3146699999999999	-0.072408
-0.57336	0.4781900000000001	0.076469
-0.5715	0.4349600000000001	0.029805
-0.56965	0.52625	0.025969
-0.56938	0.52202	0.11218
-0.5680500000000001	0.3903700000000001	0.071394
-0.56664	0.52274	-0.019151
-0.56611	-0.89244	0.6298899999999999
-0.5659	-0.2822	0.06526899999999999
-0.5639800000000001	-0.98395	-0.025613
-0.5624100000000001	-1.0197	0.16325
-0.5616100000000001	0.34479	0.11576
-0.5605599999999999	0.56913	0.11569
-0.55881	-0.83367	0.67127
-0.55671	-0.2983899999999999	0.20308
-0.55593	0.43743	0.21008
-0.55542	-0.3704799999999999	0.35175
-0.55425	0.52379	0.20556
-0.55405	0.3889400000000001	0.20362
-0.55339	-0.51637	0.47074
-0.55275	-0.35249	0.32926
-0.55258	-0.7424500000000001	-0.25167
-0.5525500000000001	-1.0029	0.30172
-0.54836	-0.4374	0.42278
-0.54611	0.61531	0.11712
-0.54501	0.60254	-0.059308
-0.54433	0.3438000000000001	-0.11102
-0.54396	0.56453	-0.10754
-0.54338	0.43194	0.25407
-0.54238	0.21989	0.06435200000000001
-0.54115	0.30476	-0.10033
-0.5407	0.2567	-0.055279
-0.5377	0.23818	0.17505
-0.53754	0.63223	-0.033757
-0.5343599999999999	0.246	-0.077755
-0.53074	0.20573	0.16347
-0.5301900000000001	0.3841100000000001	-0.16285
-0.52981	-0.33283	-0.15694
-0.5289	0.6629699999999999	0.027599
-0.52838	0.65879	0.11691
-0.52519	-0.20089	-0.017949
-0.5249	0.2959300000000001	-0.15273
-0.52324	-0.63336	0.6266
-0.52118	0.3477700000000001	0.29516
-0.51851	-0.20104	0.072912
-0.51694	-0.20059	-0.10837
-0.51593	0.20567	-0.11273
-0.5138700000000002	-0.91665	-0.15679
-0.51347	0.65955	0.20668
-0.5129	0.11409	0.027411
-0.51254	0.2993500000000001	0.29791
-0.51171	0.11733	0.11825
-0.5105800000000001	-1.0023	0.3943
-0.51058	0.3002400000000001	-0.19649
-0.5104200000000001	-1.0267	0.25607
-0.5103900000000001	-1.015	0.30209
-0.51007	0.52446	-0.20162
-0.5094800000000002	-1.0308	0.11743
-0.50948	-0.3450599999999999	0.33974
-0.50876	0.20912	0.25068
-0.5083800000000001	-0.5582	-0.26226
-0.50813	0.7049	0.11198
-0.5053	0.16269	-0.10657
-0.50479	-0.8809399999999999	-0.19273
-0.50448	-0.70621	-0.2668
-0.50424	-0.15408	0.11502
-0.50421	-0.25206	0.15153
-0.50376	0.65668	0.2496
-0.50361	0.5698299999999999	-0.19512
-0.50348	0.11377	-0.06440700000000001
-0.5017	0.11426	0.16228
-0.50147	0.70147	-0.061538
-0.4999299999999999	0.64395	0.27801
-0.49979	0.42815	0.33307
-0.49971	-1.0389	0.20215
-0.4995100000000001	-0.52824	0.50761
-0.49921	-0.2525499999999999	-0.20831
-0.49744	0.16363	0.23833
-0.49637	0.3004700000000001	-0.23063
-0.4958399999999999	0.4794300000000001	-0.23196
-0.49485	0.04444800000000003	0.026742
-0.48974	0.06389300000000003	-0.06693300000000001
-0.48951	-0.14517	-0.16149
-0.48847	-0.20013	0.17565
-0.4880099999999999	0.71284	0.20794
-0.48764	0.01752100000000003	0.062101
-0.48653	0.02611800000000003	-0.018014
-0.48642	0.3490400000000001	0.34967
-0.4855300000000001	-0.79722	0.6821
-0.4830999999999999	0.75457	0.06392100000000001
-0.48207	-0.01889499999999997	0.026186
-0.48151	0.06698800000000003	-0.10562
-0.48033	-0.1556	-0.20079
-0.47674	-0.27371	0.20648
-0.47581	0.2537700000000001	0.33767
-0.47507	-0.15316	0.20418
-0.47402	-0.02208199999999997	-0.067148
-0.4725	-0.65228	0.66967
-0.4721899999999999	0.75096	-0.06826500000000001
-0.4703	0.02319500000000003	-0.11324
-0.46973	-0.96756	0.56631
-0.46957	-0.3791399999999999	-0.24705
-0.46927	-0.4219999999999999	0.43951
-0.4688800000000001	-0.9878400000000001	0.5430199999999999
-0.46767	-0.5622	0.56769
-0.4673900000000001	-0.4698599999999999	0.48374
-0.46582	0.16661	-0.20363
-0.46579	-0.34221	0.34318
-0.46396	-0.67396	0.68284
-0.4635900000000001	-0.60371	-0.26965
-0.46313	-0.69563	-0.26404
-0.46174	-0.87748	-0.19282
-0.46068	-0.2895799999999999	-0.27879
-0.46068	-0.01591799999999997	0.16321
-0.45971	0.78931	0.024291
-0.45867	-0.06379299999999997	-0.15056
-0.457	0.78586	-0.020835
-0.4563999999999999	0.56459	0.37498
-0.45637	-0.15993	0.24377
-0.4556999999999999	0.47428	-0.28085
-0.4552499999999999	0.77928	-0.05601
-0.45431	0.08091600000000003	0.24332
-0.4535299999999999	0.52216	-0.27895
-0.45328	-0.07099399999999997	0.20015
-0.45324	0.07090200000000003	-0.19626
-0.44456	0.80975	0.020958
-0.4439699999999999	0.81155	0.065424
-0.44053	0.06215600000000003	0.26334
-0.438	-0.02143699999999997	0.20891
-0.43747	0.43273	0.40195
-0.43676	-0.01960499999999997	-0.20838
-0.4326800000000001	-0.66298	0.68559
-0.4326699999999999	0.61181	0.3819
-0.4325999999999999	0.66232	-0.2521
-0.43182	-0.87714	0.62563
-0.4315000000000001	-0.7432800000000001	0.68643
-0.43031	0.4799	0.40403
-0.42997	0.24919	0.39936
-0.4296800000000001	-0.9745200000000001	0.56829
-0.42862	-0.19221	-0.29843
-0.4263600000000001	-1.0173	0.30257
-0.4254	-0.38454	-0.29593
-0.4249700000000001	-1.0198	0.025577
-0.4244700000000001	-1.0029	-0.012939
-0.42439	-0.5592200000000001	0.57225
-0.4235400000000001	-0.54342	0.5402400000000001
-0.42311	-0.5229	0.51506
-0.42193	0.48063	-0.32461
-0.4202	0.83829	0.11776
-0.41831	0.02693300000000002	-0.25062
-0.41782	0.78753	-0.15479
-0.4173100000000001	-0.74137	-0.25135
-0.41639	-0.78739	-0.23432
-0.4149999999999999	0.65272	-0.28429
-0.4135699999999999	0.65628	0.37584
-0.41285	-0.33909	-0.32056
-0.41213	-0.29166	0.28908
-0.4113599999999999	0.74476	0.34323
-0.41117	0.43396	-0.32468
-0.40853	0.21852	0.41344
-0.40734	0.25297	-0.3192
-0.40322	-0.02050899999999998	0.28729
-0.4005699999999999	0.80986	-0.15651
-0.39973	0.19996	-0.3102
-0.3987100000000001	-0.8181	0.63758
-0.3979	-0.9484900000000001	0.5932500000000001
-0.3951399999999999	0.85454	0.21678
-0.3928	0.07420100000000003	-0.30162
-0.39023	0.12186	-0.29918
-0.39023	0.5739300000000001	-0.34966
-0.38842	0.38762	0.45349
-0.38817	0.34158	0.45007
-0.3870500000000001	-1.0088	0.51831
-0.38594	-0.3212	0.31762
-0.3835100000000001	-0.47242	-0.30309
-0.38299	0.29149	0.44771
-0.3813300000000001	-0.82913	0.62743
-0.3803599999999999	0.8846000000000001	0.070775
-0.37933	-0.19771	-0.3323
-0.37897	-0.5899799999999999	0.62644
-0.3781300000000001	-0.87852	0.62216
-0.3777599999999999	0.83858	-0.15968
-0.3769100000000001	-0.93618	-0.12351
-0.37602	0.88646	-0.016252
-0.3743099999999999	0.87963	0.20063
-0.37414	-0.5571199999999999	-0.2792
-0.37299	-0.6952	-0.25878
-0.37288	-0.33861	0.3456
-0.37237	-0.87948	-0.17177
-0.37149	-0.01564099999999997	0.33961
-0.37066	0.07477000000000003	-0.32453
-0.3696800000000001	-0.83351	-0.19621
-0.3696199999999999	0.66108	-0.32766
-0.36702	-0.3647	0.36412
-0.36685	0.74571	-0.27865
-0.36245	0.29428	-0.36413
-0.36139	-0.06453599999999997	-0.32906
-0.36009	0.60275	-0.36338
-0.35688	-0.22985	-0.3549
-0.35231	-0.19955	-0.35002
-0.35209	0.63127	-0.35484
-0.3496899999999999	0.90744	-0.063374
-0.34786	0.02607600000000002	-0.34644
-0.3466900000000001	-0.48673	0.45757
-0.34479	-0.5168700000000001	0.46854
-0.3423700000000001	-1.0184	0.072217
-0.34223	0.38551	-0.38926
-0.3415699999999999	0.72665	0.40817
-0.3414300000000001	-0.5764899999999999	0.56602
-0.34125	-0.10475	0.3613
-0.3398800000000001	-1.0068	0.47492
-0.33679	0.29556	-0.37978
-0.3352	0.29539	0.47907
-0.3340199999999999	0.9254599999999999	-0.022108
-0.3337899999999999	0.70336	-0.33521
-0.33366	-0.29241	-0.3733
-0.33299	0.66449	0.43038
-0.33262	0.34363	-0.38522
-0.32937	0.20688	0.4649
-0.32903	-0.73799	-0.23389
-0.32886	-0.97783	0.53024
-0.3284900000000001	-0.8227	-0.19001
-0.32783	-0.24903	-0.37044
-0.32292	-0.79554	0.62973
-0.3200600000000001	-0.84336	-0.17297
-0.3174899999999999	0.91731	0.24777
-0.31123	0.33236	-0.40189
-0.30897	0.16043	-0.39878
-0.30803	0.56704	-0.3994
-0.30669	0.20807	-0.39648
-0.30615	-1.0041	0.076338
-0.3057400000000001	-0.87318	0.59438
-0.30508	0.94809	0.076054
-0.30432	-0.95098	0.30352
-0.30391	0.06801700000000001	-0.39281
-0.30374	0.33386	0.49908
-0.30114	0.62597	0.4512
-0.3008500000000001	-0.97031	-0.016998
-0.29634	-0.96116	0.51364
-0.29617	-0.61258	0.56574
-0.2961099999999999	0.94524	0.20337
-0.2942600000000001	-0.91617	0.56188
-0.2922500000000001	-0.46766	-0.37418
-0.2919399999999999	0.7069299999999999	0.43789
-0.28989	-0.75335	-0.22003
-0.2892000000000001	-0.78099	-0.19695
-0.28769	0.3454	0.50835
-0.28452	0.15981	-0.41901
-0.2841399999999999	0.8841	-0.24317
-0.2840300000000001	-0.50732	-0.36464
-0.28217	0.29537	0.5065499999999999
-0.2799700000000001	-0.92957	0.25118
-0.2796299999999999	0.65679	0.45809
-0.2737999999999999	0.86824	-0.27063
-0.26808	-0.9454900000000001	0.18019
-0.26654	0.3576	-0.44676
-0.2648800000000001	-0.91422	-0.058826
-0.2606000000000001	-0.8342000000000001	0.55716
-0.2594500000000001	-0.69765	0.57528
-0.2576800000000001	-0.91548	0.4752
-0.25703	-0.25727	-0.40366
-0.2540000000000001	-0.62574	0.47104
-0.25163	0.98768	0.020562
-0.2514	0.9029199999999999	-0.25665
-0.25046	0.43355	0.52096
-0.25009	-0.87966	0.39066
-0.24898	-0.33861	0.44465
-0.24862	-0.15655	-0.42192
-0.24854	0.98815	-0.025691
-0.2471700000000001	-0.83347	0.52695
-0.24663	-0.38167	0.44306
-0.24646	-0.10487	0.43438
-0.24621	-0.47395	0.44128
-0.2457499999999999	0.87612	0.38097
-0.24549	-0.05986399999999999	-0.41427
-0.2452	-0.11192	-0.41889
-0.2451400000000001	-0.88182	0.43541
-0.2418099999999999	0.70665	0.46575
-0.24081	-0.23784	-0.41758
-0.2388	0.16467	0.50589
-0.2362799999999999	0.7414500000000001	0.45852
-0.2356300000000001	-0.92157	0.026754
-0.2342900000000001	-0.88468	0.25758
-0.23298	0.51151	0.50193
-0.2265499999999999	1.0006	-0.052533
-0.22654	-0.74002	0.48508
-0.2254	-0.78711	0.47531
-0.2243800000000001	-0.89562	0.21887
-0.21932	-0.81214	0.3753
-0.21638	0.53364	0.49504
-0.2104900000000001	-0.80378	-0.21346
-0.20734	0.20313	0.52615
-0.20563	-0.15675	-0.4405
-0.20463	-0.05867799999999999	0.47086
-0.2038	1.01	0.16234
-0.19871	0.16699	-0.46278
-0.1983999999999999	0.96658	-0.20377
-0.19794	-0.64957	-0.32683
-0.1955699999999999	0.75317	0.47782
-0.19554	0.06452400000000001	0.50802
-0.1939099999999999	0.78649	-0.36947
-0.1930300000000001	-0.8957000000000001	0.2191
-0.1918899999999999	1.0058	-0.11454
-0.1909999999999999	0.92283	-0.28417
-0.1905499999999999	0.79754	0.46359
-0.1860100000000001	-0.86452	-0.14748
-0.1742	0.61837	0.53735
-0.17289	-0.05864699999999998	0.49015
-0.17217	-0.29518	-0.44354
-0.1637699999999999	0.86242	-0.35301
-0.16221	0.60791	-0.43693
-0.16143	-0.20273	-0.44626
-0.16087	-0.3413	-0.44138
-0.1596299999999999	1.0109	0.25711
-0.15787	0.94437	0.35813
-0.1565100000000001	-0.89607	0.2564
-0.15532	0.47803	0.52681
-0.15521	0.25412	-0.4901
-0.15404	0.793	0.48047
-0.15323	0.43353	0.53498
-0.15315	0.06454700000000001	0.52795
-0.1519099999999999	0.83751	-0.37293
-0.15186	-0.25846	0.50391
-0.1518	-0.43547	0.50278
-0.1511800000000001	-0.9269500000000001	-0.018946
-0.15064	-0.24887	-0.45334
-0.14763	0.29323	-0.48859
-0.1470599999999999	0.88368	0.42658
-0.14366	0.61827	0.56874
-0.1421200000000001	-0.94883	0.073217
-0.13378	0.6549199999999999	-0.45898
-0.13323	0.61403	-0.4584
-0.1313	0.49611	0.55221
-0.12984	-0.34322	0.49898
-0.12421	-0.5723	-0.40361
-0.12378	-0.6161	0.49401
-0.11787	0.38216	0.54517
-0.11618	0.34668	0.54282
-0.1152299999999999	1.0143	-0.20592
-0.11253	0.55736	0.5912500000000001
-0.1111699999999999	0.8908199999999999	0.44277
-0.11027	0.02616600000000001	0.53998
-0.11021	-0.15455	-0.4657
-0.1095000000000001	-0.9359499999999999	0.21068
-0.10884	-0.38166	0.51236
-0.10863	-0.56621	0.51229
-0.1084999999999999	1.0671	0.023723
-0.1084299999999999	1.0641	0.069855
-0.1083199999999999	1.0667	-0.022357
-0.1081299999999999	0.87498	-0.37035
-0.1065699999999999	0.98173	0.34426
-0.10597	-0.2449	0.50906
-0.1044	0.70087	-0.46811
-0.1041799999999999	0.9299500000000001	-0.33091
-0.1038700000000001	-0.90503	0.27698
-0.10383	0.43437	-0.48099
-0.10273	-0.33329	0.51695
-0.10235	0.15432	0.5427999999999999
-0.1019800000000001	-0.8028	-0.26465
-0.09959599999999999	0.12047	-0.501
-0.09528800000000004	-0.60937	0.50657
-0.09339599999999997	0.64851	0.59288
-0.09138099999999998	0.5344100000000001	0.5967
-0.08607299999999998	0.32892	-0.50137
-0.08579599999999994	0.82616	-0.40791
-0.07986199999999997	0.43584	0.61639
-0.07488199999999998	0.52671	-0.47872
-0.07305599999999998	0.24941	-0.51856
-0.06724899999999995	0.93169	0.43434
-0.066998	-0.05855799999999999	0.5430700000000001
-0.06633999999999994	0.97137	0.38363
-0.06480300000000004	-0.7829199999999999	0.42112
-0.06361099999999999	0.20634	0.6154500000000001
-0.06313099999999995	0.9336	-0.33769
-0.06274600000000001	-0.24855	-0.46602
-0.06255200000000001	-0.29464	-0.46687
-0.06112299999999993	1.0272	0.29793
-0.06023099999999997	0.61803	0.60711
-0.06018899999999996	0.57215	0.61477
-0.05998899999999996	0.70943	-0.47837
-0.05815099999999998	0.34281	0.66445
-0.05671399999999996	0.65879	-0.48504
-0.05534299999999993	1.0844	0.069852
-0.05458300000000001	-0.24318	0.51709
-0.05437699999999994	1.0655	0.20836
-0.04906599999999998	0.30066	-0.58532
-0.043212	-0.048505	-0.49526
-0.03878899999999999	0.16569	-0.5754
-0.03813199999999997	0.44154	-0.57325
-0.03337499999999999	0.09873700000000001	-0.53947
-0.02410499999999994	0.98459	0.39104
-0.0236	0.002972800000000001	0.54075
-0.02209300000000006	-0.89595	0.31392
-0.02199599999999997	0.43354	0.69438
-0.02176999999999994	0.96155	-0.31774
-0.02115000000000005	-0.91416	0.28858
-0.02078000000000006	-0.90637	-0.14656
-0.01991299999999994	1.038	0.30529
-0.01931600000000005	-0.7966	-0.29776
-0.01770200000000006	-0.96051	0.027777
-0.01755299999999993	1.0857	0.166
-0.01511899999999995	0.79605	0.56772
-0.01367899999999993	1.0828	-0.1174
-0.01282600000000002	-0.38927	0.54297
-0.01277399999999993	1.0961	0.06987699999999999
-0.01128000000000004	-0.61239	0.52053
-0.01094300000000004	-0.65852	0.51579
-0.01089399999999997	0.47189	0.69098
-0.01053999999999995	0.87729	0.51292
-0.010534	-0.063919	-0.50115
-0.009961699999999936	1.0513	0.28527
-0.009412499999999964	0.59788	-0.54245
-0.00711240000000002	-0.3406	-0.47099
-0.006729299999999938	1.003	-0.27607
-0.002584600000000031	-0.51998	0.55474
-0.002383099999999954	0.7528	0.59354
-0.002255400000000034	-0.55063	0.54959
-0.0004845699999999461	0.87984	-0.40954
0.0008985400000000423	0.69071	-0.50071
0.008454100000000016	0.24918	0.7211
0.018905	0.025455	-0.60773
0.01933100000000003	0.43378	0.71593
0.01992799999999997	-0.5945	-0.41264
0.02027100000000004	0.67014	0.61955
0.02052100000000006	0.95129	-0.35628
0.02056699999999995	-0.86173	-0.23369
0.02227299999999994	-0.93869	0.24908
0.02753000000000006	1.0866	0.21848
0.027785	0.06959700000000001	0.6575
0.02927300000000001	0.21841	0.73042
0.02985600000000007	1.1084	0.02372
0.02993500000000007	1.0802	-0.1635
0.03017900000000006	0.9363899999999999	0.48106
0.03040400000000005	0.79899	0.57999
0.03126499999999998	-0.28914	0.53327
0.03166199999999999	-0.19693	0.52845
0.03197799999999996	-0.5631	0.55469
0.03439800000000007	1.0918	0.19804
0.03445300000000005	0.73851	-0.49571
0.03565199999999998	-0.37781	0.54753
0.03710899999999998	-0.29441	-0.46915
0.04060400000000002	0.32706	-0.67708
0.041823	-0.006668900000000003	-0.60351
0.04344100000000006	0.9160700000000001	0.50573
0.04384900000000004	0.65162	-0.54761
0.05837700000000001	0.1467	0.72473
0.06210600000000003	0.47998	0.71804
0.06451100000000005	0.94432	-0.39208
0.06496600000000005	0.85782	-0.44819
0.06602899999999998	-0.51224	-0.43803
0.06759999999999994	-0.95208	0.2062
0.068899	0.015056	0.62193
0.07167300000000001	0.24914	0.7391
0.07169300000000002	0.20299	0.73937
0.07187300000000003	0.38765	0.73486
0.07197700000000004	0.57195	0.70126
0.07242799999999998	-0.52011	0.5639999999999999
0.07251100000000001	-0.019108	0.57386
0.07269099999999998	-0.56618	0.56129
0.07298600000000005	0.80055	-0.48587
0.07326500000000001	0.20837	-0.7065900000000001
0.07329100000000002	0.5260899999999999	0.71323
0.07343900000000007	1.1025	0.16223
0.07384300000000001	0.076325	0.69543
0.07390499999999994	-0.87266	0.33429
0.074022	-0.05260800000000001	-0.55398
0.07504000000000005	0.83252	0.56045
0.07517400000000002	0.16525	-0.7084
0.07569299999999994	-0.96296	0.028325
0.07586300000000001	0.1187	-0.70402
0.07653599999999995	-0.8934299999999999	0.30567
0.07702500000000005	1.0124	0.38807
0.07708299999999996	-0.60216	0.55085
0.07752300000000005	0.8347	-0.46842
0.07837	-0.01204900000000001	-0.64358
0.07951600000000007	1.0602	0.2966
0.08127999999999999	-0.29413	-0.47161
0.08169399999999997	-0.34026	-0.46818
0.08195900000000002	0.2953	0.74577
0.08446999999999999	-0.30487	0.54982
0.08754699999999996	-0.77449	0.45633
0.09365000000000001	0.12587	0.72924
0.099172	0.095944	0.72068
0.1078999999999999	-0.94877	-0.048382
0.1131	-0.60192	0.5515099999999999
0.11451	0.07294099999999999	-0.71001
0.11508	-0.68565	0.50619
0.11555	-0.38163	0.56776
0.1158400000000001	1.1166	0.023811
0.1161	-0.05457300000000001	-0.60299
0.1164700000000001	0.85649	0.54066
0.1176100000000001	1.095	-0.1604
0.11796	-0.06603000000000002	0.53445
0.11806	-0.19688	0.53513
0.1185800000000001	1.0838	0.26231
0.11903	-0.1445	-0.49864
0.1204400000000001	1.0595	-0.25254
0.1209499999999999	-0.94006	-0.06682299999999999
0.12107	-0.62263	0.54222
0.12225	-0.51864	-0.43861
0.12464	0.24912	0.74703
0.12512	-0.006055100000000008	-0.68238
0.12608	-0.34003	-0.46757
0.1282899999999999	-0.94052	0.074603
0.12829	-0.16566	-0.47768
0.12845	-0.81298	-0.27961
0.14194	-0.77184	-0.32613
0.15468	0.56784	-0.61821
0.1576	-0.03105300000000001	0.57694
0.1578300000000001	0.85655	0.54051
0.15912	-0.65238	0.517
0.15917	-0.04244100000000001	0.55452
0.1592300000000001	1.111	0.16233
0.16024	0.62422	0.67758
0.16048	-0.92322	0.12094
0.1611099999999999	-0.82702	0.38731
0.16214	0.08485499999999999	0.73315
0.16233	0.44433	-0.66766
0.1637800000000001	1.0559	-0.25232
0.16418	0.01328999999999999	0.66342
0.16722	0.34137	0.74808
0.16762	0.98103	-0.37841
0.16969	-0.82429	-0.24907
0.1701	0.29061	-0.71591
0.17053	-0.43214	-0.46357
0.1723399999999999	-0.89539	0.22105
0.19279	-0.35084	0.54657
0.19628	0.66439	0.67722
0.1986999999999999	-0.7772	0.4192
0.19978	-0.09856200000000001	-0.55605
0.19985	0.64518	-0.59009
0.2003099999999999	-0.90993	0.16403
0.20214	1.1166	-0.068083
0.20252	-0.91801	0.029
0.20273	0.79517	-0.51264
0.2032200000000001	0.73747	-0.542
0.20339	-0.38579	-0.45801
0.20457	-0.1969	0.53096
0.2049799999999999	-0.89479	-0.063414
0.2058400000000001	1.0709	-0.20628
0.2061000000000001	1.0696	0.30069
0.2063200000000001	0.84116	-0.47466
0.20691	0.61222	-0.60634
0.20799	-0.77847	-0.28586
0.20916	0.24908	0.75913
0.21014	0.43397	0.74663
0.2105	-0.6094000000000001	0.52038
0.21172	-0.60132	-0.41106
0.2117900000000001	0.93041	-0.41491
0.2126399999999999	-0.83854	0.34498
0.214	0.03346399999999999	0.69462
0.2171399999999999	-0.79805	-0.25966
0.22158	-0.48203	-0.44235
0.2235000000000001	0.87057	-0.45275
0.2383299999999999	-0.8585199999999999	0.27728
0.24117	-0.08237400000000002	-0.6127899999999999
0.2426	-0.005895100000000015	0.59783
0.24555	0.7068	-0.55877
0.2459300000000001	1.1078	-0.11412
0.2468200000000001	1.0972	-0.1524
0.24906	0.04423499999999998	0.68936
0.24923	-0.56623	0.51367
0.2499200000000001	1.0653	0.30381
0.25299	0.20297	0.74335
0.25423	-0.06913500000000002	0.49976
0.2548	-0.75325	0.40119
0.25628	-0.88837	0.029173
0.25668	0.22949	-0.71922
0.25686	0.29097	-0.7137
0.2590799999999999	-0.84518	0.25819
0.25925	-0.15476	-0.42952
0.25975	-0.2009	-0.42381
0.26003	-0.43167	-0.43266
0.26038	-0.33938	-0.42036
0.26104	0.03014099999999998	0.66026
0.26142	0.55243	-0.64137
0.2617800000000001	0.98709	0.43096
0.2621200000000001	0.84118	0.56386
0.2625199999999999	-0.56245	-0.40951
0.27299	-0.12613	-0.44794
0.28577	0.17236	0.73163
0.28765	-0.64641	-0.36444
0.28799	-0.7831	0.3361
0.29084	-0.10791	0.50679
0.29092	-0.8222699999999999	0.254
0.29128	-0.24308	0.52641
0.29174	-0.33548	0.52571
0.2924200000000001	0.84818	-0.48107
0.29309	-0.77493	-0.2425
0.2936900000000001	0.74288	-0.5433
0.29375	0.38778	0.76883
0.29382	-0.38543	-0.41146
0.2938899999999999	-0.8250999999999999	-0.15548
0.29417	0.04191199999999998	0.64961
0.29426	-0.3469	-0.4056
0.29508	-0.51615	-0.40658
0.29565	0.24908	0.74398
0.29633	0.52612	0.73456
0.2969300000000001	0.70484	-0.56194
0.297	1.014	-0.29114
0.2974	0.21112	-0.72461
0.29763	-0.84092	0.16598
0.2991400000000001	0.95916	0.46236
0.30002	-0.83149	0.20515
0.30011	1.0681	0.29977
0.30016	0.97695	-0.32919
0.3015	-0.28278	-0.40819
0.30615	0.57608	-0.62327
0.3064600000000001	1.0502	0.33179
0.30653	-0.11461	-0.47852
0.30753	-0.10613	-0.5170400000000001
0.30809	-0.30272	-0.39881
0.31107	0.01304699999999998	0.57476
0.31692	-0.43142	-0.40001
0.3206899999999999	-0.61537	-0.35712
0.32352	1.2042	0.12939
0.3259799999999999	-0.81801	-0.10167
0.3294000000000001	1.1594	0.022191
0.33512	0.41446	-0.67677
0.33543	-0.56198	0.46673
0.3356	-0.19703	0.51427
0.33567	-0.15085	0.51363
0.33696	0.83008	-0.49724
0.33779	1.0176	-0.29554
0.34105	-0.65046	0.42276
0.34111	-0.83006	0.11963
0.3413600000000001	1.2029	-0.023855
0.34166	-0.83446	0.0315
0.3422600000000001	1.1233	-0.067574
0.343	0.12197	-0.72828
0.34309	0.15446	0.71393
0.34345	1.0937	0.23721
0.3445	-0.006598100000000021	0.51762
0.34474	0.85067	-0.47903
0.3448200000000001	0.7685	-0.53752
0.34485	1.2933	0.071392
0.34565	0.02969199999999998	-0.6992699999999999
0.34851	0.91737	-0.40618
0.3485300000000001	0.55292	-0.63637
0.34878	0.84168	0.53088
0.3496300000000001	1.0656	0.29906
0.35112	-0.19748	-0.39718
0.3536500000000001	0.6578000000000001	-0.59526
0.35424	0.02491599999999998	0.56629
0.35632	-0.56636	0.44715
0.35734	0.39159	-0.67325
0.36103	-0.80662	-0.040342
0.3624499999999999	-0.53203	0.45321
0.36269	-0.76239	0.26968
0.3671099999999999	-0.81279	0.014255
0.3682	-0.28144	0.50903
0.37169	-0.3943	0.46428
0.3761999999999999	-0.77822	-0.059217
0.37888	-0.01528800000000002	-0.64516
0.37949	-0.12021	0.50545
0.3798899999999999	-0.65019	0.37987
0.38422	0.20299	0.70622
0.38483	-0.32284	-0.36498
0.3850600000000001	1.0373	-0.26263
0.3862	0.03991799999999998	-0.69035
0.3869900000000001	0.63513	0.67838
0.38725	1.2027	0.25264
0.3881	0.07580799999999997	-0.70989
0.38896	1.0338	0.34839
0.38986	0.94063	-0.38338
0.38994	-0.19701	0.51013
0.39025	1.0456	0.32425
0.3914400000000001	1.3271	0.025129
0.3918300000000001	1.1094	-0.10413
0.3919800000000001	0.91601	-0.40579
0.3943800000000001	1.2444	0.24812
0.39484	0.10299	0.67158
0.3948700000000001	0.8398099999999999	-0.47527
0.3981999999999999	-0.47694	-0.33545
0.39822	0.01600499999999997	0.5267500000000001
0.3986	-0.05556700000000003	-0.5628
0.3992899999999999	-0.70119	-0.16368
0.3994400000000001	1.2496	-0.09879400000000001
0.4067999999999999	-0.62422	0.36365
0.41016	-0.35552	0.45116
0.4119699999999999	-0.5228699999999999	-0.30665
0.4139399999999999	-0.59676	0.37559
0.4170300000000001	1.2063	-0.12436
0.4257	-0.69036	0.24466
0.42623	0.24911	0.7145
0.4278399999999999	-0.73995	0.11804
0.42882	0.68404	0.64049
0.4288400000000001	0.79339	0.55499
0.4288500000000001	0.65831	0.6573600000000001
0.4292	-0.28726	0.47906
0.42923	0.04302499999999997	0.55529
0.43345	0.33806	-0.67048
0.43518	-0.51929	0.38676
0.43554	0.94006	-0.37876
0.4373300000000001	0.56889	-0.61187
0.44275	1.2051	0.29547
0.44354	0.02886299999999997	0.52163
0.44407	-0.19699	0.50858
0.44469	1.1094	-0.13994
0.44483	-0.13552	0.49976
0.44528	-0.65667	0.25513
0.44702	0.76376	-0.52942
0.4493	-0.43088	0.39819
0.45473	-0.71633	-0.021992
0.46149	-0.52255	-0.23888
0.4668999999999999	-0.6463	-0.1478
0.47137	-0.33207	0.43016
0.47183	-0.2895800000000001	0.4684
0.4729400000000001	1.2588	-0.128
0.4744	-0.04828100000000003	0.45172
0.47583	1.0313	0.33551
0.47639	0.34587	-0.6734
0.47751	0.93292	-0.37589
0.47918	-0.09510800000000003	-0.38263
0.4804100000000001	1.2405	-0.14709
0.4823600000000001	0.61541	-0.59319
0.48356	1.2835	-0.1086
0.48474	-0.05740500000000003	-0.47764
0.48484	0.70769	-0.5576100000000001
0.48502	-0.19978	-0.33525
0.48566	0.03844299999999997	0.51807
0.48581	-0.25215	0.49149
0.48599	1.2876	0.25521
0.487	-0.3498600000000001	0.40461
0.48716	0.01591899999999997	0.48614
0.48752	-0.03147100000000003	-0.56247
0.48994	1.0301	-0.21332
0.49211	-0.14056	0.49513
0.49297	-0.08677400000000003	-0.40092
0.49338	-0.4432400000000001	0.31937
0.4948	-0.47607	0.29965
0.49894	-0.3531300000000001	-0.31271
0.5000600000000001	0.9491000000000001	0.45517
0.51008	-0.5584	-0.15034
0.5117	-0.64017	-0.012742
0.5120400000000001	-0.5614400000000001	0.20757
0.51308	-0.64866	0.07045700000000001
0.51654	0.13296	-0.68031
0.5190600000000001	0.92642	-0.3721
0.51931	0.20758	-0.68797
0.52055	0.33843	-0.66588
0.52085	0.4030699999999999	0.72958
0.52094	-0.46485	-0.19161
0.52283	0.07657499999999998	-0.65211
0.52284	-0.005212000000000032	-0.58597
0.52347	-0.04858400000000004	-0.47357
0.5242000000000001	1.0646	0.33244
0.5247000000000001	0.1125	-0.67041
0.5268500000000002	1.3327	-0.022526
0.5271300000000001	1.3308	0.16248
0.52773	0.66181	-0.5665
0.52793	-0.06193000000000003	-0.43136
0.52844	-0.10287	-0.33268
0.5284700000000001	1.3198	0.19847
0.52889	-0.61102	0.074124
0.52993	-0.24578	-0.32372
0.5318700000000001	1.0231	-0.2067
0.53218	-0.38054	-0.28335
0.5338000000000001	-0.5663899999999999	-0.018487
0.53935	-0.51781	0.16442
0.54068	-0.03953000000000004	-0.48509
0.54544	-0.52324	-0.02699
0.55287	-0.53975	0.073244
0.5528999999999999	-0.47951	0.15491
0.55293	-0.5063800000000001	-0.009915500000000001
0.5538600000000001	0.92057	-0.3591
0.55564	0.43102	-0.6338
0.55808	-0.51394	0.069355
0.5582900000000001	0.9646400000000001	-0.29458
0.56392	-0.48045	0.10913
0.5639999999999999	-0.2762200000000001	-0.31422
0.5644100000000001	0.95843	0.4138
0.5659100000000001	1.0644	0.35338
0.5695000000000001	1.3343	0.069991
0.5697200000000001	1.3312	0.023805
0.5697900000000001	1.3309	0.11622
0.5700499999999999	-0.30372	0.44839
0.57012	0.62361	-0.5803199999999999
0.57054	0.82397	-0.45721
0.57078	-0.3250100000000001	0.42587
0.5714	0.20408	0.66569
0.57226	0.06681399999999996	-0.62232
0.57252	-0.4714400000000001	-0.018244
0.57387	0.7619	-0.53051
0.5745600000000001	1.2802	-0.10668
0.57508	0.03899799999999996	-0.6008599999999999
0.57586	-0.05631000000000003	0.43484
0.5760000000000001	0.93214	0.43774
0.57612	-0.197	0.48344
0.5765	0.61052	0.65445
0.57668	0.80241	0.53451
0.57692	-0.3374400000000001	-0.29571
0.57698	0.3874699999999999	0.70427
0.57765	0.34144	0.69745
0.57783	0.4310099999999999	-0.62677
0.5783100000000001	1.1542	-0.21478
0.5829400000000001	0.94699	-0.29702
0.5842000000000001	-0.3934000000000001	-0.25651
0.58936	-0.44731	-0.16976
0.6075500000000001	1.2723	-0.099218
0.60931	0.2926699999999999	-0.644
0.61292	0.5699	-0.59232
0.61337	0.3880899999999999	-0.61853
0.61447	0.05567299999999997	0.53065
0.6149	0.6621899999999999	-0.56608
0.61513	0.84981	-0.42162
0.61624	0.74974	0.56386
0.61707	0.01838399999999996	0.47703
0.6189600000000001	0.91773	0.42204
0.61932	-0.4622700000000001	-0.060931
0.6202300000000001	1.1899	-0.19131
0.62032	-0.15293	-0.29517
0.62049	0.89231	0.44749
0.62079	-0.4432800000000001	0.00090903
0.6211100000000001	0.47992	0.6895
0.6212299999999999	-0.4477200000000001	-0.16952
0.6214800000000001	1.2574	-0.1171
0.62176	-0.06149900000000003	0.43236
0.62242	0.52603	0.67543
0.6247600000000001	1.3143	0.070132
0.6250599999999999	-0.29843	0.44969
0.6322300000000001	1.1235	-0.22166
0.6473800000000001	1.2786	0.20422
0.64967	-0.3569800000000001	0.12346
0.65077	-0.06101000000000004	0.441
0.65327	0.88527	-0.33193
0.65369	0.34904	0.68834
0.65461	0.86931	-0.37177
0.6549700000000001	0.65849	-0.54559
0.6586100000000001	0.94285	0.36354
0.65862	0.57011	0.64928
0.6587100000000001	1.298	0.07022299999999999
0.6587200000000001	1.2953	0.11639
0.6587600000000001	1.1146	0.35512
0.66032	-0.03327900000000004	-0.47712
0.66164	0.03130599999999996	-0.55622
0.66372	-0.10662	-0.29752
0.66454	-0.2818000000000001	0.4616
0.66471	0.6112300000000001	0.61383
0.66603	0.8005	-0.46198
0.66673	0.52598	0.66284
0.66691	0.2953299999999999	0.66204
0.66771	-0.35245	-0.26499
0.66806	0.24915	0.651
0.66858	0.52384	-0.58085
0.6711500000000001	1.1122	-0.2154
0.67253	-0.3654000000000001	0.15722
0.67648	0.63122	0.58843
0.68328	-0.4142500000000001	0.051712
0.68558	0.02610299999999996	0.58456
0.68577	-0.1131	-0.3378
0.6885600000000001	1.1837	0.27908
0.68875	-0.07951700000000005	-0.39956
0.6930200000000001	1.2743	0.07032099999999999
0.6967200000000001	1.2284	-0.097913
0.69675	-0.4848000000000001	-0.056646
0.69787	-0.4028800000000001	0.40066
0.6985500000000001	1.0152	0.36197
0.70034	0.3391299999999999	-0.60214
0.70044	0.43157	-0.59475
0.70184	-0.15621	-0.33427
0.70267	-0.4865700000000001	-0.10731
0.70352	-0.3907600000000001	0.083191
0.70386	0.4806699999999999	-0.57725
0.70431	-0.4725400000000001	-0.15366
0.70469	0.11072	0.61443
0.70572	-0.2453200000000001	-0.30351
0.70769	0.01649299999999996	-0.53737
0.70838	0.70669	0.51566
0.71126	-0.1536200000000001	-0.37789
0.7113700000000001	1.1754	0.26664
0.71257	0.7118100000000001	-0.47664
0.7130300000000001	-0.43011	0.47386
0.71496	0.2491899999999999	0.61455
0.71573	0.2029599999999999	0.60933
0.71596	0.66942	0.5352
0.7169300000000001	1.2517	0.070427
0.71699	-0.3822200000000001	0.47499
0.71973	0.67787	-0.49434
0.722	-0.4693300000000001	0.47825
0.7226900000000001	0.49518	0.6367
0.72357	0.11045	0.64549
0.7254	-0.18954	-0.38675
0.7263500000000001	-0.50903	-0.015557
0.72762	0.2951299999999999	0.60472
0.72859	-0.51495	0.4428
0.73714	-0.4491100000000001	0.2778
0.7381200000000001	1.1138	0.29301
0.73836	-0.2203900000000001	-0.38619
0.74187	-0.47312	0.2932
0.74273	-0.3974	0.19315
0.74624	-0.5673	-0.011096
0.7480599999999999	0.43386	0.6008
0.7485500000000002	1.2013	0.16279
0.74921	-0.52035	0.029039
0.74996	0.70417	0.52316
0.75098	0.8148300000000001	0.44745
0.7511	0.57039	-0.5224
0.75152	0.61672	-0.51515
0.75203	0.02184699999999995	0.66062
0.7521	-0.39157	0.15787
0.7535500000000001	-0.1960200000000001	-0.47349
0.75563	0.8408600000000001	-0.24475
0.75612	0.11104	0.67126
0.7562100000000002	1.2062	0.070632
0.75653	-0.4285700000000001	-0.24245
0.7565499999999999	0.6042999999999999	0.5491
0.75692	0.70658	-0.47062
0.75745	0.3516299999999999	0.59029
0.75807	0.2933299999999999	-0.5729300000000001
0.75854	-0.2123800000000001	0.50531
0.7589700000000001	1.076	0.29646
0.75975	0.2949899999999999	0.60318
0.7601	-0.3724600000000001	-0.27267
0.76107	-0.10909	-0.55337
0.76192	0.4319399999999999	-0.53707
0.76406	0.06908199999999996	0.68371
0.76655	-0.61146	-0.10643
0.7683100000000002	1.0422	0.31218
0.7717800000000001	1.173	0.15567
0.77218	-0.3967300000000001	0.55435
0.77359	0.47993	0.57323
0.78301	-0.4259200000000001	0.15512
0.7839	0.005575999999999953	0.67796
0.7863800000000001	1.0995	-0.11075
0.78646	0.7789700000000001	-0.28182
0.78664	-0.2081500000000001	-0.49132
0.78723	-0.58291	0.38588
0.79008	-0.12137	0.58085
0.7910199999999999	-0.6087399999999999	0.025049
0.79262	0.11655	-0.56591
0.7926800000000001	0.76233	0.49319
0.79284	-0.56377	-0.20539
0.79472	-0.65111	-0.067728
0.7947800000000002	1.1526	0.067735
0.7948600000000001	0.93011	0.30789
0.79532	-0.55862	0.07201200000000001
0.7965	-0.2391200000000001	-0.47287
0.7970699999999999	0.5244	-0.50524
0.7971	0.23508	0.63754
0.79727	-0.51051	0.10733
0.79813	0.70322	-0.46123
0.80114	-0.27635	-0.37579
0.8022700000000001	1.0238	-0.16015
0.80244	-0.6334	0.012732
0.80408	0.74635	-0.34044
0.80627	0.4798799999999999	0.57104
0.81053	0.765	-0.25894
0.81336	-0.58592	0.34094
0.81656	-0.56458	-0.2305
0.8233200000000001	-0.62308	0.035551
0.8234	-0.27929	0.5417999999999999
0.82381	-0.6682399999999999	-0.0066867
0.82891	0.79097	0.42583
0.83564	0.03207999999999995	-0.58046
0.83591	-0.65107	-0.14959
0.83619	-0.09579400000000006	0.64394
0.8362000000000001	-0.4898100000000001	-0.26803
0.83622	0.1982899999999999	-0.54583
0.83673	0.26022	0.6313299999999999
0.8373699999999999	0.15509	-0.55743
0.8381600000000001	1.0691	0.030577
0.8387000000000001	1.02	-0.10715
0.83919	-0.2928200000000001	0.55047
0.83936	0.75466	0.47902
0.83973	0.3398999999999999	-0.52689
0.8398600000000001	-0.02356900000000005	0.6919999999999999
0.84012	-0.1440500000000001	-0.58612
0.84021	0.3860399999999999	-0.52015
0.84078	0.43218	-0.51263
0.84116	-0.64834	0.022437
0.84216	-0.1091300000000001	-0.5950299999999999
0.8424700000000001	0.54001	-0.49224
0.84356	0.6170099999999999	-0.47901
0.84574	0.5224299999999999	0.56707
0.8468800000000001	1.0205	0.16505
0.8472499999999999	0.29586	0.43506
0.84872	0.4815099999999999	0.33876
0.84887	0.2543599999999999	0.42799
0.8499100000000001	0.2166899999999999	-0.5393
0.85062	0.3884799999999999	-0.24362
0.85134	0.52175	0.34239
0.85207	0.43113	0.30643
0.8521300000000001	0.33688	-0.29283
0.85258	0.8818	-0.16305
0.85282	0.34472	-0.3339
0.8536899999999999	0.2523299999999999	-0.2939
0.85458	0.46293	-0.20787
0.85584	0.2971799999999999	-0.15402
0.85592	0.1599599999999999	-0.33903
0.85681	0.7635999999999999	-0.20618
0.8568600000000001	1.0291	-0.020083
0.85745	0.29569	0.30154
0.85789	0.2464799999999999	-0.15524
0.85877	0.11847	-0.37631
0.85928	0.50527	-0.25271
0.8595700000000001	0.98603	0.17231
0.85967	0.06960199999999994	0.34706
0.8601200000000001	1.0229	0.07270699999999999
0.86043	0.2500599999999999	-0.060352
0.86064	0.1651299999999999	0.29839
0.86071	-0.02076200000000005	-0.29203
0.86075	-0.1070400000000001	-0.2879
0.86089	0.06402699999999995	-0.242
0.86109	0.30091	0.20445
0.8611799999999999	0.2915099999999999	0.025656
0.86139	-0.07365700000000006	-0.24504
0.8620100000000001	0.02371799999999995	-0.24341
0.86285	0.2071699999999999	0.023952
0.86286	0.2569399999999999	0.11078
0.8633	-0.01743700000000005	-0.19645
0.86337	-0.15374	-0.28539
0.86351	0.07364699999999995	-0.10728
0.86376	0.2067899999999999	0.06654599999999999
0.8637800000000001	0.94467	0.20979
0.8638400000000001	0.1639799999999999	0.20674
0.86424	0.06547699999999994	-0.066373
0.86427	0.1099399999999999	0.012466
0.8644500000000001	0.07954699999999995	0.25657
0.86461	0.1604999999999999	0.12517
0.8647	0.1462899999999999	0.048113
0.86475	0.03269699999999994	0.28873
0.86492	0.2195199999999999	0.16069
0.86529	0.15126	0.077528
0.8659800000000001	0.91671	-0.13299
0.86663	0.06668399999999994	0.21152
0.86683	0.3588999999999999	0.065332
0.86866	-0.4494600000000001	0.59153
0.87014	0.89461	-0.13362
0.87163	0.1858499999999999	-0.54254
0.87214	-0.01098300000000005	0.1617
0.87244	0.16203	-0.39529
0.8735100000000001	0.97339	-0.058516
0.87371	-0.16815	-0.58429
0.8752	0.5170400000000001	-0.49769
0.87996	0.74109	0.43486
0.88189	0.1570799999999999	-0.54849
0.8821	-0.2670500000000001	0.55194
0.88329	-0.66431	0.030342
0.88379	-0.1163100000000001	-0.38276
0.88396	0.43785	0.20845
0.8843299999999999	-0.70001	-0.014283
0.8843700000000001	0.97681	0.026034
0.8847699999999999	-0.02604300000000006	-0.59075
0.88529	-0.18305	-0.28076
0.88536	0.07114499999999994	0.69394
0.8855499999999999	0.2044999999999999	-0.53591
0.88624	-0.4306700000000001	-0.30594
0.88632	-0.47445	0.58257
0.88674	0.5713	0.55698
0.88675	0.38795	-0.017939
0.88708	-0.2056500000000001	-0.5696600000000001
0.88912	-0.06357800000000005	0.6595800000000001
0.89217	0.52851	-0.49042
0.89223	-0.56507	-0.25736
0.89259	-0.3772300000000001	0.57872
0.8932	0.69443	-0.33999
0.8935999999999999	0.70927	-0.25076
0.8976	0.1599099999999999	-0.41089
0.89814	0.75222	0.1082
0.89838	0.76076	0.07276299999999999
0.8987000000000001	0.55571	-0.062959
0.8992	0.42331	0.16809
0.90025	-0.17253	0.53938
0.90083	-0.13878	0.1059
0.90401	0.88903	0.11555
0.90411	-0.1668200000000001	0.04767
0.90486	-0.1028500000000001	0.35132
0.9073600000000001	0.07982899999999994	0.67444
0.90778	0.5929499999999999	0.34492
0.90892	0.2340099999999999	-0.405
0.90952	0.16811	-0.53844
0.90999	0.8684699999999999	-0.047066
0.91206	0.7431799999999998	0.24947
0.9126	0.4352799999999999	0.56613
0.9133	0.8787799999999999	0.072757
0.91386	0.06477899999999995	0.6591900000000001
0.91398	-0.5877300000000001	0.45785
0.91483	0.1139499999999999	0.64863
0.91559	0.3941299999999999	0.47742
0.91592	0.6588799999999999	0.34485
0.91643	0.02697999999999994	0.61152
0.9171	-0.05868400000000006	0.56323
0.91721	0.02261599999999995	0.53762
0.9172400000000001	0.7993899999999999	-0.06873799999999999
0.91729	-0.5995200000000002	0.33799
0.91758	0.06777599999999995	0.6147
0.9179	0.6115199999999998	0.48268
0.918	0.11854	0.5723
0.91848	0.34022	-0.50262
0.9187	-0.6326500000000002	0.061718
0.9187	0.2097899999999999	0.5680500000000001
0.91875	-0.06979000000000006	0.52819
0.91911	0.6158199999999999	0.42919
0.91928	-0.1282600000000001	0.38558
0.91934	-0.02521400000000006	0.52927
0.92022	-0.1147900000000001	-0.4276
0.9204599999999999	0.5669199999999999	0.47854
0.92064	0.5742899999999999	-0.24741
0.92066	0.5254099999999999	0.47436
0.92114	-0.1589800000000001	0.48207
0.9212399999999999	-0.3818500000000001	0.43864
0.92258	-0.6516500000000001	0.031123
0.92323	0.5197299999999999	-0.15521
0.9234599999999999	-0.38058	0.021546
0.92349	-0.2452000000000001	0.3374
0.92364	-0.2195400000000001	-0.253
0.92386	-0.4267300000000001	0.34673
0.92391	-0.2042400000000001	-0.16498
0.92392	0.4351499999999999	-0.47576
0.92405	0.6138699999999999	-0.20031
0.92414	0.6209099999999999	-0.29521
0.9259500000000001	0.2522799999999999	-0.42606
0.9265099999999999	-0.15641	0.3043
0.9272	-0.4733800000000001	0.29254
0.92743	-0.5181000000000001	0.25629
0.92811	0.5272399999999999	-0.11335
0.92832	0.4681899999999999	-0.015679
0.92837	0.4778299999999999	0.022045
0.92878	-0.1576900000000001	-0.41815
0.92923	-0.1093200000000001	0.20666
0.9294	-0.20184	-0.56457
0.92942	-0.2472900000000001	-0.51927
0.9297299999999999	0.4761199999999999	0.076083
0.92983	-0.3399	0.29585
0.93079	-0.2408500000000001	0.29305
0.93192	0.2983299999999999	-0.4723
0.93227	-0.1105100000000001	0.07256899999999999
0.93365	-0.33336	-0.33363
0.93376	-0.4729300000000001	-0.29702
0.93421	-0.2019300000000001	-0.11308
0.93436	-0.4737000000000001	0.16305
0.93442	-0.01675700000000006	-0.55261
0.93579	-0.38326	-0.012233
0.93586	-0.1624	-0.5619
0.93666	-0.2515800000000001	-0.47529
0.93669	0.02898899999999994	-0.5207000000000001
0.93686	-0.4221400000000001	-0.071905
0.93703	-0.2017	-0.5153
0.93711	-0.1493500000000001	-0.51927
0.93728	-0.34168	-0.29343
0.93933	-0.4812600000000001	-0.19989